<396.160411,-205.036376,-1068.781155>,<0.732284,-0.672548,-0.106956,0.000000,-0.680722,-0.718420,-0.143140,0.000000,0.019429,0.177627,-0.983906,0.000000,0.000000,0.000000,0.000000,1.000000>,<168.750000>,<plv_Polio>,<0>,<10807>
<89.239935,411.598938,-701.168056>,<-0.741617,0.000000,0.670824,0.000000,0.000000,1.000000,0.000000,0.000000,-0.670824,0.000000,-0.741617,0.000000,0.000000,0.000000,0.000000,1.000000>,<25.000000>,<snake>,<0>,<33312>
<474.448002,889.666483,479.083145>,<-0.627448,-0.175444,-0.758636,0.000000,-0.175444,0.981087,-0.081783,0.000000,0.758636,0.081783,-0.646361,0.000000,0.000000,0.000000,0.000000,1.000000>,<25.000000>,<snake>,<0>,<103058>
<343.655789,873.528355,422.573836>,<-0.087169,-0.147189,-0.985260,0.000000,-0.147189,0.980072,-0.133392,0.000000,0.985260,0.133392,-0.107097,0.000000,0.000000,0.000000,0.000000,1.000000>,<25.000000>,<snake>,<0>,<99647>
<210.039990,818.704748,407.498697>,<0.300218,-0.525167,-0.796284,0.000000,-0.525167,0.605876,-0.597590,0.000000,0.796284,0.597590,-0.093905,0.000000,0.000000,0.000000,0.000000,1.000000>,<25.000000>,<snake>,<0>,<97900>
<78.633592,773.556022,378.407224>,<-0.293954,-0.005948,-0.955801,0.000000,-0.005948,0.999973,-0.004393,0.000000,0.955801,0.004393,-0.293981,0.000000,0.000000,0.000000,0.000000,1.000000>,<25.000000>,<snake>,<0>,<96180>
<-36.157997,794.684975,298.857656>,<-0.415829,0.704801,-0.574753,0.000000,0.704801,0.649149,0.286113,0.000000,0.574753,-0.286113,-0.766680,0.000000,0.000000,0.000000,0.000000,1.000000>,<25.000000>,<snake>,<0>,<92796>
<-79.782399,832.367994,168.134431>,<0.997988,0.063021,-0.006905,0.000000,0.063021,-0.974285,0.216327,0.000000,0.006905,-0.216327,-0.976296,0.000000,0.000000,0.000000,0.000000,1.000000>,<25.000000>,<snake>,<0>,<84396>
<-69.986666,835.577121,21.773785>,<0.238134,0.961448,0.137515,0.000000,0.961448,-0.213313,-0.173539,0.000000,-0.137515,0.173539,-0.975179,0.000000,0.000000,0.000000,0.000000,1.000000>,<25.000000>,<snake>,<0>,<75947>
<-73.412130,774.244954,-107.057810>,<0.869640,-0.458441,-0.183188,0.000000,-0.458441,-0.612216,-0.644223,0.000000,0.183188,0.644223,-0.742576,0.000000,0.000000,0.000000,0.000000,1.000000>,<25.000000>,<snake>,<0>,<69135>
<-87.793196,696.032408,-231.532008>,<0.999116,-0.041148,-0.008560,0.000000,-0.041148,-0.916197,-0.398611,0.000000,0.008560,0.398611,-0.917080,0.000000,0.000000,0.000000,0.000000,1.000000>,<25.000000>,<snake>,<0>,<60606>
<-71.770038,624.167264,-360.194981>,<0.755060,0.616856,0.222202,0.000000,0.616856,-0.553486,-0.559591,0.000000,-0.222202,0.559591,-0.798426,0.000000,0.000000,0.000000,0.000000,1.000000>,<25.000000>,<snake>,<0>,<53769>
<-39.650285,539.533674,-479.792226>,<0.791648,0.575180,0.206062,0.000000,0.575180,-0.587851,-0.568857,0.000000,-0.206062,0.568857,-0.796204,0.000000,0.000000,0.000000,0.000000,1.000000>,<25.000000>,<snake>,<0>,<46932>
<7.366241,454.234177,-592.527159>,<0.395731,0.816274,0.420825,0.000000,0.816274,-0.102660,-0.568470,0.000000,-0.420825,0.568470,-0.706929,0.000000,0.000000,0.000000,0.000000,1.000000>,<25.000000>,<snake>,<0>,<40095>
<-35.836718,-663.186042,1160.746898>,<0.502193,-0.304688,-0.809301,0.000000,-0.710260,-0.679186,-0.185033,0.000000,-0.493288,0.667736,-0.557490,0.000000,0.000000,0.000000,0.000000,1.000000>,<187.760000>,<iIgM_Antibody_5mer>,<0>,<140506>
<448.994926,510.168987,1265.708624>,<-0.524842,-0.382176,-0.760580,0.000000,-0.802206,0.520856,0.291847,0.000000,0.284615,0.763315,-0.579951,0.000000,0.000000,0.000000,0.000000,1.000000>,<187.760000>,<iIgM_Antibody_5mer>,<0>,<148323>
<198.656423,871.473733,662.775233>,<0.824012,-0.489745,0.284876,0.000000,-0.558046,-0.614649,0.557488,0.000000,-0.097928,-0.618350,-0.779778,0.000000,0.000000,0.000000,0.000000,1.000000>,<187.760000>,<iIgM_Antibody_5mer>,<0>,<113162>
<83.986666,-519.969947,10.634400>,<-0.180291,0.775599,0.604931,0.000000,-0.258226,-0.630759,0.731753,0.000000,0.949112,-0.024281,0.314000,0.000000,0.000000,0.000000,0.000000,1.000000>,<110.750000>,<iLDL>,<0>,<74730>
<135.574923,-687.440223,-1074.440249>,<0.850300,0.210382,0.482420,0.000000,0.222100,-0.974449,0.033488,0.000000,0.477138,0.078671,-0.875300,0.000000,0.000000,0.000000,0.000000,1.000000>,<110.750000>,<iLDL>,<0>,<10356>
<489.321980,905.654463,-870.985114>,<0.062927,-0.856679,-0.511997,0.000000,-0.694174,-0.406158,0.594271,0.000000,-0.717051,0.318019,-0.620243,0.000000,0.000000,0.000000,0.000000,1.000000>,<110.750000>,<iLDL>,<0>,<23628>
<301.808550,-719.572668,691.943426>,<-0.212655,-0.044301,0.976122,0.000000,0.966173,-0.158694,0.203286,0.000000,0.145899,0.986334,0.076549,0.000000,0.000000,0.000000,0.000000,1.000000>,<117.750000>,<dLDL>,<0>,<113426>
<603.055199,-50.815878,646.666970>,<0.830793,-0.392199,0.394921,0.000000,-0.263519,-0.902156,-0.341574,0.000000,0.490245,0.179708,-0.852857,0.000000,0.000000,0.000000,0.000000,1.000000>,<117.750000>,<dLDL>,<0>,<112344>
<457.200450,-166.061904,916.556211>,<-0.205070,-0.589441,0.781349,0.000000,-0.762820,0.596437,0.249738,0.000000,-0.613231,-0.544814,-0.571949,0.000000,0.000000,0.000000,0.000000,1.000000>,<117.750000>,<dLDL>,<0>,<127445>
<575.287375,-888.591245,-995.057409>,<-0.848929,-0.444536,0.285844,0.000000,-0.386904,0.891179,0.236866,0.000000,-0.360034,0.090488,-0.928541,0.000000,0.000000,0.000000,0.000000,1.000000>,<14.570000>,<Fibrinogen>,<0>,<15259>
<609.568476,239.796414,1040.068952>,<0.108975,-0.647521,0.754216,0.000000,-0.052903,0.753881,0.654878,0.000000,-0.992636,-0.111265,0.047899,0.000000,0.000000,0.000000,0.000000,1.000000>,<14.570000>,<Fibrinogen>,<0>,<134574>
<398.277547,-416.366967,618.920127>,<-0.802190,-0.335478,-0.493908,0.000000,-0.558704,0.130027,0.819111,0.000000,-0.210572,0.933031,-0.291739,0.000000,0.000000,0.000000,0.000000,1.000000>,<14.570000>,<Fibrinogen>,<0>,<110309>
<300.590734,329.252152,-591.339424>,<0.244917,0.949814,0.194601,0.000000,-0.939568,0.182991,0.289355,0.000000,0.239223,-0.253709,0.937232,0.000000,0.000000,0.000000,0.000000,1.000000>,<14.570000>,<Fibrinogen>,<0>,<40002>
<368.991872,-628.041132,1188.898515>,<0.231493,0.798281,0.556020,0.000000,0.685380,-0.539445,0.489135,0.000000,0.690409,0.267854,-0.672004,0.000000,0.000000,0.000000,0.000000,1.000000>,<14.570000>,<Fibrinogen>,<0>,<142236>
<101.826990,-549.991957,-486.596494>,<0.936126,0.250387,0.246931,0.000000,-0.340937,0.818308,0.462747,0.000000,-0.086200,-0.517377,0.851405,0.000000,0.000000,0.000000,0.000000,1.000000>,<14.570000>,<Fibrinogen>,<0>,<44285>
<159.738861,-868.595036,17.125887>,<-0.604587,-0.659970,0.445997,0.000000,-0.474346,-0.151503,-0.867204,0.000000,0.639899,-0.735857,-0.221457,0.000000,0.000000,0.000000,0.000000,1.000000>,<14.570000>,<Fibrinogen>,<0>,<74421>
<516.033780,122.289098,792.039091>,<0.351356,0.705027,0.616024,0.000000,-0.069568,-0.636496,0.768136,0.000000,0.933654,-0.312745,-0.174590,0.000000,0.000000,0.000000,0.000000,1.000000>,<14.570000>,<Fibrinogen>,<0>,<119257>
<581.916095,98.881894,520.080927>,<0.553700,0.205662,-0.806920,0.000000,0.783803,0.198501,0.588430,0.000000,0.281192,-0.958280,-0.051289,0.000000,0.000000,0.000000,0.000000,1.000000>,<14.570000>,<Fibrinogen>,<0>,<104023>
<77.216682,-883.878745,-1137.765315>,<0.969869,-0.171851,-0.172690,0.000000,0.224721,0.904819,0.361668,0.000000,0.094100,-0.389577,0.916174,0.000000,0.000000,0.000000,0.000000,1.000000>,<14.570000>,<Fibrinogen>,<0>,<6792>
<282.454481,314.234865,-800.064908>,<-0.843137,-0.030578,0.536829,0.000000,-0.081583,0.994098,-0.071508,0.000000,-0.531474,-0.104087,-0.840655,0.000000,0.000000,0.000000,0.000000,1.000000>,<14.570000>,<Fibrinogen>,<0>,<26481>
<88.500289,-270.888908,1270.030508>,<-0.603651,-0.063029,-0.794753,0.000000,-0.292322,0.944940,0.147092,0.000000,0.741723,0.321116,-0.588839,0.000000,0.000000,0.000000,0.000000,1.000000>,<14.570000>,<Fibrinogen>,<0>,<147608>
<84.078170,-80.762376,819.476407>,<0.534466,0.833217,-0.141762,0.000000,0.228382,0.019114,0.973384,0.000000,0.813749,-0.552616,-0.180076,0.000000,0.000000,0.000000,0.000000,1.000000>,<14.570000>,<Fibrinogen>,<0>,<122440>
<425.937916,874.308134,-40.887980>,<0.016354,0.544332,-0.838710,0.000000,0.908989,0.341322,0.239246,0.000000,0.416499,-0.766291,-0.489210,0.000000,0.000000,0.000000,0.000000,1.000000>,<14.570000>,<Fibrinogen>,<0>,<72610>
<72.785535,-912.786780,-434.625768>,<0.954312,-0.298422,0.015224,0.000000,0.072547,0.181969,-0.980624,0.000000,0.289870,0.936927,0.195305,0.000000,0.000000,0.000000,0.000000,1.000000>,<14.570000>,<Fibrinogen>,<0>,<47326>
<523.404714,-593.365224,890.093401>,<-0.512883,-0.141042,0.846793,0.000000,-0.762832,0.527316,-0.374200,0.000000,-0.393750,-0.837881,-0.378043,0.000000,0.000000,0.000000,0.000000,1.000000>,<14.570000>,<Fibrinogen>,<0>,<125367>
<213.759717,813.733798,-472.880959>,<0.213601,-0.095303,-0.972261,0.000000,-0.162757,0.977849,-0.131608,0.000000,0.963268,0.186354,0.193358,0.000000,0.000000,0.000000,0.000000,1.000000>,<14.570000>,<Fibrinogen>,<0>,<47201>
<-93.728080,148.997506,-710.427428>,<-0.690578,-0.346618,0.634790,0.000000,0.721429,-0.392504,0.570509,0.000000,0.051409,0.851937,0.521115,0.000000,0.000000,0.000000,0.000000,1.000000>,<14.570000>,<Fibrinogen>,<0>,<33072>
<629.410831,482.510643,-1185.988594>,<-0.027483,-0.912741,-0.407614,0.000000,-0.526657,0.359805,-0.770177,0.000000,0.849633,0.193506,-0.490590,0.000000,0.000000,0.000000,0.000000,1.000000>,<14.570000>,<Fibrinogen>,<0>,<4653>
<258.588866,93.333682,865.089969>,<0.556693,0.309806,0.770787,0.000000,0.236812,-0.948541,0.210217,0.000000,0.796250,0.065505,-0.601411,0.000000,0.000000,0.000000,0.000000,1.000000>,<14.570000>,<Fibrinogen>,<0>,<124292>
<564.439629,-797.787552,231.153208>,<0.730110,0.490058,-0.476216,0.000000,0.669955,-0.650565,0.357666,0.000000,-0.134533,-0.580179,-0.803301,0.000000,0.000000,0.000000,0.000000,1.000000>,<14.570000>,<Fibrinogen>,<0>,<86317>
<468.686541,268.697790,-869.633700>,<0.258536,0.015802,-0.965872,0.000000,-0.731146,-0.650267,-0.206345,0.000000,-0.631335,0.759542,-0.156564,0.000000,0.000000,0.000000,0.000000,1.000000>,<64.950000>,<Heparin>,<0>,<23055>
<-89.536784,470.962124,827.864994>,<-0.402698,0.777236,-0.483464,0.000000,0.901341,0.244716,-0.357350,0.000000,-0.159434,-0.579670,-0.799101,0.000000,0.000000,0.000000,0.000000,1.000000>,<64.950000>,<Heparin>,<0>,<122928>
<85.780486,-73.537829,-300.818364>,<-0.159094,-0.933000,0.322800,0.000000,-0.736490,0.329903,0.590547,0.000000,-0.657473,-0.143786,-0.739631,0.000000,0.000000,0.000000,0.000000,1.000000>,<188.360000>,<FactorH1>,<0>,<56530>
<574.163921,284.604082,-609.392916>,<-0.230249,-0.002501,0.973128,0.000000,-0.449856,0.887006,-0.104160,0.000000,-0.862911,-0.461751,-0.205358,0.000000,0.000000,0.000000,0.000000,1.000000>,<188.360000>,<FactorH1>,<0>,<38295>
<490.106203,-678.112935,-873.756500>,<0.062322,0.825454,-0.561018,0.000000,0.994286,-0.100160,-0.036917,0.000000,-0.086665,-0.555512,-0.826980,0.000000,0.000000,0.000000,0.000000,1.000000>,<188.360000>,<FactorH1>,<0>,<22198>
<61.069652,-851.267357,-961.420600>,<-0.530210,-0.120987,-0.839190,0.000000,-0.503647,0.841163,0.196939,0.000000,0.682068,0.527075,-0.506927,0.000000,0.000000,0.000000,0.000000,1.000000>,<188.360000>,<FactorH1>,<0>,<16957>
<458.079540,386.280424,-1132.074247>,<0.010246,-0.390898,-0.920377,0.000000,0.883004,-0.428399,0.191778,0.000000,-0.469254,-0.814661,0.340775,0.000000,0.000000,0.000000,0.000000,1.000000>,<188.360000>,<FactorH1>,<0>,<7949>
<-62.507525,659.634302,664.240158>,<0.487018,-0.234845,-0.841226,0.000000,-0.318491,0.849095,-0.421428,0.000000,0.813251,0.473166,0.338729,0.000000,0.000000,0.000000,0.000000,1.000000>,<32.820000>,<iIgA_Antibody_2mer>,<0>,<112971>
<56.332276,-655.057194,710.192403>,<-0.990893,0.038335,-0.129078,0.000000,-0.091735,-0.893921,0.438737,0.000000,-0.098567,0.446582,0.889297,0.000000,0.000000,0.000000,0.000000,1.000000>,<18.050000>,<IgG_Antibody_1mer>,<0>,<115159>
<-8.042523,761.581601,-758.815147>,<-0.248070,-0.322491,0.913488,0.000000,-0.317198,0.918022,0.237952,0.000000,-0.915340,-0.230728,-0.330027,0.000000,0.000000,0.000000,0.000000,1.000000>,<32.820000>,<iIgA_Antibody_2mer>,<0>,<30241>
<-87.599761,-45.334792,-390.839239>,<0.667576,-0.678731,-0.306051,0.000000,-0.404027,0.015032,-0.914624,0.000000,0.625384,0.734233,-0.264190,0.000000,0.000000,0.000000,0.000000,1.000000>,<18.050000>,<IgG_Antibody_1mer>,<0>,<51480>
<257.804310,647.586904,-113.329077>,<0.104142,-0.809092,0.578381,0.000000,-0.903653,0.165923,0.394818,0.000000,-0.415411,-0.563773,-0.713859,0.000000,0.000000,0.000000,0.000000,1.000000>,<32.820000>,<iIgA_Antibody_2mer>,<0>,<67326>
<259.666184,688.279449,486.081400>,<-0.561687,-0.294690,-0.773088,0.000000,-0.749713,-0.213901,0.626240,0.000000,-0.349911,0.931345,-0.100787,0.000000,0.000000,0.000000,0.000000,1.000000>,<18.050000>,<IgG_Antibody_1mer>,<0>,<102868>
<52.472248,-360.942607,-1018.872982>,<-0.975919,-0.168312,-0.138754,0.000000,-0.217729,0.790258,0.572789,0.000000,0.013244,0.589206,-0.807874,0.000000,0.000000,0.000000,0.000000,1.000000>,<18.050000>,<IgG_Antibody_1mer>,<0>,<14019>
<532.752320,-365.507941,-183.088713>,<0.990663,0.049800,0.126910,0.000000,-0.021506,0.976325,-0.215236,0.000000,-0.134624,0.210497,0.968281,0.000000,0.000000,0.000000,0.000000,1.000000>,<18.050000>,<IgG_Antibody_1mer>,<0>,<63046>
<280.288805,-318.103859,977.519695>,<-0.078291,0.929894,-0.359399,0.000000,-0.994179,-0.099592,-0.041108,0.000000,-0.074019,0.354088,0.932278,0.000000,0.000000,0.000000,0.000000,1.000000>,<18.050000>,<IgG_Antibody_1mer>,<0>,<130689>
<568.883664,876.613198,-354.906701>,<-0.512615,0.102303,0.852502,0.000000,-0.049294,0.987732,-0.148171,0.000000,-0.857203,-0.117978,-0.501283,0.000000,0.000000,0.000000,0.000000,1.000000>,<18.050000>,<IgG_Antibody_1mer>,<0>,<54025>
<51.266806,-711.394897,-1226.082923>,<-0.259428,0.932292,-0.252048,0.000000,-0.960527,-0.276218,-0.033042,0.000000,-0.100425,0.233526,0.967151,0.000000,0.000000,0.000000,0.000000,1.000000>,<18.050000>,<IgG_Antibody_1mer>,<0>,<1877>
<110.767741,203.871450,1000.075319>,<-0.924346,-0.323460,-0.202380,0.000000,-0.345536,0.484673,0.803553,0.000000,-0.161829,0.812690,-0.559773,0.000000,0.000000,0.000000,0.000000,1.000000>,<18.050000>,<IgG_Antibody_1mer>,<0>,<132841>
<114.391927,-525.031484,-1058.605366>,<0.851272,-0.027386,0.524009,0.000000,0.523849,-0.013305,-0.851707,0.000000,0.030297,0.999536,0.003020,0.000000,0.000000,0.000000,0.000000,1.000000>,<18.050000>,<IgG_Antibody_1mer>,<0>,<12175>
<524.719586,-536.944969,-714.996665>,<0.908847,0.300405,0.289401,0.000000,-0.198890,-0.297766,0.933691,0.000000,0.366659,-0.906141,-0.210876,0.000000,0.000000,0.000000,0.000000,1.000000>,<32.820000>,<iIgA_Antibody_2mer>,<0>,<30779>
<637.220905,-704.186036,-661.917566>,<0.494362,0.734806,-0.464399,0.000000,0.625504,0.070272,0.777050,0.000000,0.603615,-0.674628,-0.424884,0.000000,0.000000,0.000000,0.000000,1.000000>,<18.050000>,<IgG_Antibody_1mer>,<0>,<34007>
<634.517374,618.485125,-1157.373545>,<-0.716599,0.697474,-0.004078,0.000000,-0.680734,-0.700650,-0.213755,0.000000,-0.151946,-0.150401,0.976879,0.000000,0.000000,0.000000,0.000000,1.000000>,<18.050000>,<IgG_Antibody_1mer>,<0>,<6473>
<228.019755,-681.831993,-750.912643>,<-0.408212,-0.912868,0.005917,0.000000,-0.506911,0.221278,-0.833113,0.000000,0.759213,-0.343086,-0.553071,0.000000,0.000000,0.000000,0.000000,1.000000>,<18.050000>,<IgG_Antibody_1mer>,<0>,<28949>
<340.627295,-595.397791,801.075824>,<0.675892,-0.223927,-0.702158,0.000000,-0.422621,-0.898282,-0.120338,0.000000,-0.603789,0.378082,-0.701778,0.000000,0.000000,0.000000,0.000000,1.000000>,<18.050000>,<IgG_Antibody_1mer>,<0>,<120291>
<538.275388,-174.432917,-677.919428>,<-0.971637,0.229283,0.057888,0.000000,0.210899,0.950909,-0.226481,0.000000,-0.106974,-0.207849,-0.972294,0.000000,0.000000,0.000000,0.000000,1.000000>,<18.050000>,<IgG_Antibody_1mer>,<0>,<34498>
<494.260369,702.115419,-445.634963>,<0.504988,0.817386,-0.277249,0.000000,0.143064,0.237505,0.960793,0.000000,0.851188,-0.524853,0.002999,0.000000,0.000000,0.000000,0.000000,1.000000>,<18.050000>,<IgG_Antibody_1mer>,<0>,<48796>
<565.528048,591.523596,182.424384>,<0.120268,-0.977328,0.174255,0.000000,0.834751,0.194565,0.515106,0.000000,-0.537332,0.083509,0.839226,0.000000,0.000000,0.000000,0.000000,1.000000>,<32.820000>,<iIgA_Antibody_2mer>,<0>,<85875>
<84.247365,502.277856,980.595196>,<0.565622,0.232923,0.791087,0.000000,-0.066407,-0.943303,0.325221,0.000000,0.821987,-0.236486,-0.518085,0.000000,0.000000,0.000000,0.000000,1.000000>,<18.050000>,<IgG_Antibody_1mer>,<0>,<131410>
<106.692618,285.502508,-1022.154540>,<-0.677261,0.731013,0.083290,0.000000,0.676386,0.574073,0.461456,0.000000,0.289516,0.368862,-0.883245,0.000000,0.000000,0.000000,0.000000,1.000000>,<18.050000>,<IgG_Antibody_1mer>,<0>,<14619>
<608.931863,933.671793,-668.980080>,<-0.044490,-0.958502,0.281594,0.000000,-0.994105,0.070373,0.082475,0.000000,-0.098869,-0.276265,-0.955983,0.000000,0.000000,0.000000,0.000000,1.000000>,<18.050000>,<IgG_Antibody_1mer>,<0>,<35488>
<91.729870,-849.884829,-265.070395>,<-0.325941,0.854035,-0.405446,0.000000,0.540364,0.520203,0.661358,0.000000,0.775738,-0.003524,-0.631046,0.000000,0.000000,0.000000,0.000000,1.000000>,<32.820000>,<iIgA_Antibody_2mer>,<0>,<57544>
<-61.095507,-145.091363,-1042.321547>,<-0.752977,0.626373,-0.201697,0.000000,0.452604,0.715464,0.532222,0.000000,0.477676,0.309462,-0.822228,0.000000,0.000000,0.000000,0.000000,1.000000>,<32.820000>,<iIgA_Antibody_2mer>,<0>,<12533>
<223.405760,-364.166949,1221.260789>,<0.460636,0.020774,0.887346,0.000000,-0.794313,-0.436474,0.422559,0.000000,0.396082,-0.899477,-0.184554,0.000000,0.000000,0.000000,0.000000,1.000000>,<18.050000>,<IgG_Antibody_1mer>,<0>,<145845>
<573.197715,-166.043023,1006.426123>,<-0.309651,0.586290,-0.748586,0.000000,0.835153,0.544072,0.080657,0.000000,0.454573,-0.600208,-0.658114,0.000000,0.000000,0.000000,0.000000,1.000000>,<37.520000>,<i2tsc_63kD>,<0>,<132519>
<643.697353,912.487197,-787.492128>,<-0.543184,-0.797888,0.261391,0.000000,-0.755949,0.600229,0.261280,0.000000,-0.365366,-0.055675,-0.929197,0.000000,0.000000,0.000000,0.000000,1.000000>,<39.170000>,<AntiTrypsin>,<0>,<28703>
<418.919668,-740.552341,3.687005>,<-0.491757,0.725357,-0.481697,0.000000,0.553661,0.687452,0.469968,0.000000,0.672038,-0.035587,-0.739661,0.000000,0.000000,0.000000,0.000000,1.000000>,<18.050000>,<IgG_Antibody_1mer>,<0>,<72844>
<154.163970,-665.307380,-462.448935>,<0.713898,-0.622111,0.321446,0.000000,-0.081937,-0.530104,-0.843964,0.000000,0.695439,0.576167,-0.429414,0.000000,0.000000,0.000000,0.000000,1.000000>,<18.050000>,<IgG_Antibody_1mer>,<0>,<45873>
<150.668624,769.790194,184.910573>,<0.740446,0.650669,-0.168431,0.000000,-0.527524,0.717896,0.454251,0.000000,0.416483,-0.247497,0.874807,0.000000,0.000000,0.000000,0.000000,1.000000>,<49.980000>,<SerumAlbumin>,<0>,<86016>
<184.352989,-619.012329,824.136041>,<-0.823684,0.421678,0.379120,0.000000,0.130337,-0.509895,0.850306,0.000000,0.551867,0.749796,0.365032,0.000000,0.000000,0.000000,0.000000,1.000000>,<32.820000>,<iIgA_Antibody_2mer>,<0>,<121950>
<183.737871,933.592186,-51.905653>,<0.850304,0.524212,0.046749,0.000000,0.312621,-0.431631,-0.846146,0.000000,-0.423381,0.734096,-0.530897,0.000000,0.000000,0.000000,0.000000,1.000000>,<18.050000>,<IgG_Antibody_1mer>,<0>,<70964>
<499.528059,-883.359180,-228.676969>,<-0.605391,0.792657,-0.072090,0.000000,0.791586,0.590165,-0.158419,0.000000,-0.083027,-0.152971,-0.984737,0.000000,0.000000,0.000000,0.000000,1.000000>,<18.050000>,<IgG_Antibody_1mer>,<0>,<59197>
<450.668675,-866.264558,-673.110903>,<0.349956,0.122443,-0.928730,0.000000,0.747213,0.561458,0.355580,0.000000,0.564980,-0.818397,0.104995,0.000000,0.000000,0.000000,0.000000,1.000000>,<18.050000>,<IgG_Antibody_1mer>,<0>,<33871>
<343.093547,693.996023,216.304036>,<0.426727,-0.898833,-0.100022,0.000000,0.854626,0.364599,0.369706,0.000000,-0.295836,-0.243245,0.923749,0.000000,0.000000,0.000000,0.000000,1.000000>,<18.050000>,<IgG_Antibody_1mer>,<0>,<87661>
<-94.523605,-864.035809,342.521628>,<0.352305,0.256092,0.900166,0.000000,0.875930,0.248497,-0.413516,0.000000,-0.329586,0.934166,-0.136772,0.000000,0.000000,0.000000,0.000000,1.000000>,<18.050000>,<IgG_Antibody_1mer>,<0>,<93002>
<626.697898,-799.719253,1206.185939>,<0.518879,-0.449266,0.727272,0.000000,-0.467403,0.563228,0.681402,0.000000,-0.715751,-0.693494,0.082259,0.000000,0.000000,0.000000,0.000000,1.000000>,<18.410000>,<Insulin>,<0>,<143779>
<166.693435,401.807474,-1076.363220>,<-0.601846,0.431300,0.672133,0.000000,-0.392076,0.573642,-0.719174,0.000000,-0.695743,-0.696359,-0.176142,0.000000,0.000000,0.000000,0.000000,1.000000>,<18.050000>,<IgG_Antibody_1mer>,<0>,<11345>
<503.046111,363.724981,972.131950>,<0.140843,-0.174888,0.974463,0.000000,-0.586989,-0.807364,-0.060059,0.000000,0.797250,-0.563540,-0.216369,0.000000,0.000000,0.000000,0.000000,1.000000>,<18.050000>,<IgG_Antibody_1mer>,<0>,<131295>
<-49.344266,-54.336005,1161.335538>,<-0.299503,0.666824,0.682381,0.000000,-0.945544,-0.111905,-0.305655,0.000000,-0.127456,-0.736766,0.664027,0.000000,0.000000,0.000000,0.000000,1.000000>,<18.050000>,<IgG_Antibody_1mer>,<0>,<142742>
<-33.658275,562.299588,-753.324601>,<0.424201,-0.555876,-0.714881,0.000000,0.883403,0.427610,0.191700,0.000000,0.199129,-0.712848,0.672455,0.000000,0.000000,0.000000,0.000000,1.000000>,<32.820000>,<iIgA_Antibody_2mer>,<0>,<30058>
<483.897997,749.967873,283.860167>,<-0.193437,-0.030495,-0.980639,0.000000,-0.410667,-0.905228,0.109157,0.000000,-0.891030,0.423831,0.162581,0.000000,0.000000,0.000000,0.000000,1.000000>,<18.050000>,<IgG_Antibody_1mer>,<0>,<91098>
<539.707652,281.576309,-996.305115>,<-0.151608,-0.840501,0.520166,0.000000,0.961982,-0.246411,-0.117779,0.000000,0.227168,0.482534,0.845905,0.000000,0.000000,0.000000,0.000000,1.000000>,<18.050000>,<IgG_Antibody_1mer>,<0>,<16298>
<-32.261300,-381.444166,-787.309655>,<0.243108,0.112059,0.963505,0.000000,-0.663784,0.743524,0.081009,0.000000,-0.707311,-0.659253,0.255140,0.000000,0.000000,0.000000,0.000000,1.000000>,<32.820000>,<iIgA_Antibody_2mer>,<0>,<27536>
<428.777822,489.785198,356.939852>,<0.496102,-0.851277,-0.170907,0.000000,-0.855792,-0.446167,-0.261830,0.000000,0.146637,0.276156,-0.949861,0.000000,0.000000,0.000000,0.000000,1.000000>,<18.050000>,<IgG_Antibody_1mer>,<0>,<95932>
<254.098892,937.359796,541.936712>,<-0.391961,0.333492,0.857409,0.000000,0.377389,0.908245,-0.180743,0.000000,-0.839014,0.252733,-0.481853,0.000000,0.000000,0.000000,0.000000,1.000000>,<18.050000>,<IgG_Antibody_1mer>,<0>,<106456>
<420.379773,-327.709801,555.102091>,<-0.152856,-0.954411,0.256390,0.000000,0.899453,-0.241839,-0.364003,0.000000,0.409413,0.174970,0.895414,0.000000,0.000000,0.000000,0.000000,1.000000>,<18.050000>,<IgG_Antibody_1mer>,<0>,<107008>
<143.624497,-767.381815,-99.749687>,<-0.054353,0.366607,0.928787,0.000000,-0.966063,0.215929,-0.141765,0.000000,-0.252524,-0.904972,0.342429,0.000000,0.000000,0.000000,0.000000,1.000000>,<18.050000>,<IgG_Antibody_1mer>,<0>,<67738>
<567.762807,357.618051,536.994890>,<-0.286990,0.261065,-0.921673,0.000000,-0.943618,0.088672,0.318940,0.000000,0.164991,0.961240,0.220898,0.000000,0.000000,0.000000,0.000000,1.000000>,<18.050000>,<IgG_Antibody_1mer>,<0>,<105947>
<466.896583,-457.854180,285.049947>,<-0.743431,0.258361,-0.616895,0.000000,-0.254680,-0.962241,-0.096075,0.000000,-0.618424,0.085685,0.781159,0.000000,0.000000,0.000000,0.000000,1.000000>,<18.050000>,<IgG_Antibody_1mer>,<0>,<90005>
<435.605227,895.171257,-413.044480>,<0.677106,-0.536065,0.504144,0.000000,0.045112,0.714035,0.698655,0.000000,-0.734501,-0.450321,0.507661,0.000000,0.000000,0.000000,0.000000,1.000000>,<18.050000>,<IgG_Antibody_1mer>,<0>,<50666>
<316.387538,356.908456,-875.775144>,<0.086315,-0.963430,-0.253678,0.000000,0.938993,0.163762,-0.302447,0.000000,0.332929,-0.212097,0.918789,0.000000,0.000000,0.000000,0.000000,1.000000>,<18.050000>,<IgG_Antibody_1mer>,<0>,<23128>
<165.565991,937.968421,233.009158>,<0.791007,0.397715,-0.464898,0.000000,-0.557576,0.781401,-0.280216,0.000000,0.251826,0.480869,0.839851,0.000000,0.000000,0.000000,0.000000,1.000000>,<49.980000>,<SerumAlbumin>,<0>,<87863>
<207.469774,762.881231,42.750695>,<0.542635,0.384842,0.746622,0.000000,-0.798844,-0.038278,0.600319,0.000000,0.259607,-0.922189,0.286658,0.000000,0.000000,0.000000,0.000000,1.000000>,<18.050000>,<IgG_Antibody_1mer>,<0>,<77568>
<87.443440,58.238277,619.600012>,<0.917143,-0.397475,0.029372,0.000000,-0.398470,-0.916003,0.046487,0.000000,0.008427,-0.054339,-0.998487,0.000000,0.000000,0.000000,0.000000,1.000000>,<18.050000>,<IgG_Antibody_1mer>,<0>,<110740>
<448.617837,240.531239,-1080.617173>,<-0.585846,-0.683809,0.434959,0.000000,-0.316460,0.687122,0.654001,0.000000,-0.746082,0.245497,-0.618946,0.000000,0.000000,0.000000,0.000000,1.000000>,<32.820000>,<iIgA_Antibody_2mer>,<0>,<11199>
<-32.498289,-770.338691,488.222117>,<-0.270076,0.588740,0.761868,0.000000,-0.772035,-0.605241,0.194025,0.000000,0.575345,-0.535787,0.617989,0.000000,0.000000,0.000000,0.000000,1.000000>,<32.820000>,<iIgA_Antibody_2mer>,<0>,<101532>
<333.915424,-860.995559,842.988937>,<-0.561788,-0.509921,-0.651440,0.000000,-0.697151,0.715754,0.040945,0.000000,0.445393,0.477154,-0.757594,0.000000,0.000000,0.000000,0.000000,1.000000>,<32.820000>,<iIgA_Antibody_2mer>,<0>,<121747>
<370.999433,552.304219,1213.190326>,<0.638058,-0.677662,0.365590,0.000000,0.728182,0.685384,-0.000447,0.000000,-0.250267,0.266501,0.930776,0.000000,0.000000,0.000000,0.000000,1.000000>,<18.050000>,<IgG_Antibody_1mer>,<0>,<144992>
<89.907828,721.091402,844.052205>,<-0.384613,-0.840960,0.380602,0.000000,0.076191,0.381990,0.921020,0.000000,-0.919928,0.383235,-0.082845,0.000000,0.000000,0.000000,0.000000,1.000000>,<18.050000>,<IgG_Antibody_1mer>,<0>,<124858>
<243.124256,-107.994132,984.460156>,<0.212899,0.075678,0.974139,0.000000,-0.389534,-0.907764,0.155655,0.000000,0.896068,-0.412599,-0.163783,0.000000,0.000000,0.000000,0.000000,1.000000>,<18.050000>,<IgG_Antibody_1mer>,<0>,<130870>
<110.592596,-2.725704,1265.931713>,<-0.810027,0.581865,-0.072726,0.000000,0.543991,0.699350,-0.463663,0.000000,-0.218929,-0.415142,-0.883022,0.000000,0.000000,0.000000,0.000000,1.000000>,<32.820000>,<iIgA_Antibody_2mer>,<0>,<147869>
<491.762673,189.831814,444.643786>,<-0.152532,-0.212871,-0.965101,0.000000,-0.167371,0.967986,-0.187055,0.000000,0.974023,0.132998,-0.183278,0.000000,0.000000,0.000000,0.000000,1.000000>,<18.050000>,<IgG_Antibody_1mer>,<0>,<100718>
<276.024322,143.085487,-812.560489>,<-0.315852,-0.653379,0.687993,0.000000,-0.938580,0.321346,-0.125715,0.000000,-0.138944,-0.685443,-0.714746,0.000000,0.000000,0.000000,0.000000,1.000000>,<18.050000>,<IgG_Antibody_1mer>,<0>,<26299>
<576.235253,-481.858463,-588.576176>,<-0.156272,0.571182,-0.805810,0.000000,-0.069508,0.807451,0.585825,0.000000,0.985265,0.147559,-0.086480,0.000000,0.000000,0.000000,0.000000,1.000000>,<18.050000>,<IgG_Antibody_1mer>,<0>,<39283>
<515.416354,-423.776014,810.023999>,<0.202136,0.811594,0.548139,0.000000,-0.725808,0.499913,-0.472535,0.000000,-0.657528,-0.302328,0.690112,0.000000,0.000000,0.000000,0.000000,1.000000>,<18.050000>,<IgG_Antibody_1mer>,<0>,<120453>
<632.935883,302.522922,-469.788669>,<0.249513,-0.095486,-0.963652,0.000000,0.894844,-0.357622,0.267133,0.000000,-0.370131,-0.928972,-0.003786,0.000000,0.000000,0.000000,0.000000,1.000000>,<18.050000>,<IgG_Antibody_1mer>,<0>,<46747>
<305.271619,228.154606,-925.639678>,<0.653085,0.419204,0.630672,0.000000,-0.537499,-0.330056,0.775988,0.000000,0.533455,-0.845772,0.009767,0.000000,0.000000,0.000000,0.000000,1.000000>,<18.050000>,<IgG_Antibody_1mer>,<0>,<19644>
<427.216012,600.395576,-600.213391>,<0.231183,0.854436,-0.465289,0.000000,0.826070,-0.425034,-0.370073,0.000000,-0.513967,-0.298807,-0.804085,0.000000,0.000000,0.000000,0.000000,1.000000>,<18.050000>,<IgG_Antibody_1mer>,<0>,<40240>
<393.902334,397.052576,-1226.876610>,<0.620471,0.776187,-0.112024,0.000000,-0.782764,0.621688,-0.028003,0.000000,0.047908,0.105063,0.993311,0.000000,0.000000,0.000000,0.000000,1.000000>,<18.050000>,<IgG_Antibody_1mer>,<0>,<2903>
<454.031519,635.400904,1069.281286>,<-0.843729,-0.434904,-0.314612,0.000000,-0.484637,0.869188,0.098179,0.000000,0.230759,0.235309,-0.944129,0.000000,0.000000,0.000000,0.000000,1.000000>,<39.170000>,<AntiTrypsin>,<0>,<136623>
<80.284099,734.620271,-1079.861089>,<-0.892730,-0.112677,-0.436277,0.000000,-0.325988,0.829934,0.452705,0.000000,0.311072,0.546365,-0.777638,0.000000,0.000000,0.000000,0.000000,1.000000>,<18.050000>,<IgG_Antibody_1mer>,<0>,<11628>
<626.229910,-330.315384,942.419372>,<0.038876,-0.568115,-0.822031,0.000000,-0.912813,-0.354871,0.202087,0.000000,-0.406523,0.742504,-0.532378,0.000000,0.000000,0.000000,0.000000,1.000000>,<37.520000>,<i2tsc_63kD>,<0>,<128985>
<564.212221,895.396638,-628.188607>,<0.564337,0.703125,0.432595,0.000000,0.680155,-0.692989,0.239072,0.000000,0.467881,0.159314,-0.869314,0.000000,0.000000,0.000000,0.000000,1.000000>,<18.050000>,<IgG_Antibody_1mer>,<0>,<37151>
<358.329733,188.206176,-1100.893669>,<0.926655,0.309206,-0.213779,0.000000,-0.208011,-0.051920,-0.976748,0.000000,-0.313116,0.949577,0.016206,0.000000,0.000000,0.000000,0.000000,1.000000>,<42.880000>,<i1smd_56kD>,<0>,<9453>
<582.777509,875.641770,850.858398>,<0.183367,0.958743,-0.217228,0.000000,-0.394764,-0.130560,-0.909459,0.000000,-0.900299,0.252519,0.354537,0.000000,0.000000,0.000000,0.000000,1.000000>,<18.050000>,<IgG_Antibody_1mer>,<0>,<125006>
<574.598915,-502.613332,-1157.981693>,<0.672239,-0.614285,-0.413217,0.000000,-0.575704,-0.784671,0.229906,0.000000,-0.465467,0.083339,-0.881133,0.000000,0.000000,0.000000,0.000000,1.000000>,<50.360000>,<Transferrin>,<0>,<5457>
<-86.656349,26.891092,1239.837562>,<-0.734715,0.152202,0.661082,0.000000,0.617093,-0.254811,0.744492,0.000000,0.281764,0.954938,0.093291,0.000000,0.000000,0.000000,0.000000,1.000000>,<42.880000>,<i1smd_56kD>,<0>,<146198>
<335.320826,876.610080,45.409906>,<0.118493,-0.522471,0.844383,0.000000,-0.987985,0.022942,0.152841,0.000000,-0.099227,-0.852348,-0.513475,0.000000,0.000000,0.000000,0.000000,1.000000>,<18.050000>,<IgG_Antibody_1mer>,<0>,<77677>
<406.120955,-887.807856,369.397918>,<0.868442,0.450416,-0.207203,0.000000,0.481153,-0.664873,0.571345,0.000000,0.119579,-0.595877,-0.794123,0.000000,0.000000,0.000000,0.000000,1.000000>,<18.050000>,<IgG_Antibody_1mer>,<0>,<94683>
<641.053441,777.235375,-956.288585>,<-0.238520,-0.116303,-0.964148,0.000000,0.917952,0.297044,-0.262924,0.000000,0.316973,-0.947754,0.035910,0.000000,0.000000,0.000000,0.000000,1.000000>,<18.050000>,<IgG_Antibody_1mer>,<0>,<18459>
<277.645748,876.802120,-676.970090>,<-0.944564,-0.280841,0.170079,0.000000,0.009451,-0.541058,-0.840932,0.000000,0.328191,-0.792707,0.513719,0.000000,0.000000,0.000000,0.000000,1.000000>,<18.050000>,<IgG_Antibody_1mer>,<0>,<35425>
<242.830607,734.799896,-1081.943372>,<0.380649,-0.279129,0.881586,0.000000,0.553904,-0.694576,-0.459080,0.000000,0.740471,0.663062,-0.109779,0.000000,0.000000,0.000000,0.000000,1.000000>,<39.170000>,<AntiTrypsin>,<0>,<11634>
<369.519914,610.886504,101.620610>,<0.598842,0.598551,0.532095,0.000000,0.006513,0.660737,-0.750589,0.000000,-0.800841,0.452950,0.391778,0.000000,0.000000,0.000000,0.000000,1.000000>,<18.050000>,<IgG_Antibody_1mer>,<0>,<80824>
<-58.893771,468.415624,27.645421>,<0.256548,0.966183,-0.025951,0.000000,0.103230,-0.054086,-0.993186,0.000000,-0.961003,0.252121,-0.113615,0.000000,0.000000,0.000000,0.000000,1.000000>,<18.050000>,<IgG_Antibody_1mer>,<0>,<75609>
<370.038466,712.385479,-518.178117>,<0.812327,0.184140,-0.553369,0.000000,-0.429275,-0.453495,-0.781067,0.000000,-0.394775,0.872029,-0.289339,0.000000,0.000000,0.000000,0.000000,1.000000>,<39.170000>,<AntiTrypsin>,<0>,<43748>
<611.105661,327.594788,-737.895062>,<-0.722088,-0.650616,-0.235136,0.000000,0.554837,-0.341633,-0.758580,0.000000,0.413214,-0.678223,0.607674,0.000000,0.000000,0.000000,0.000000,1.000000>,<18.050000>,<IgG_Antibody_1mer>,<0>,<31562>
<-91.804894,295.748244,1232.943308>,<0.559098,-0.715974,-0.418080,0.000000,0.526853,-0.082555,0.845938,0.000000,-0.640184,-0.693228,0.331057,0.000000,0.000000,0.000000,0.000000,1.000000>,<18.050000>,<IgG_Antibody_1mer>,<0>,<146432>
<524.159048,153.172118,-814.338900>,<-0.339845,0.763713,-0.548861,0.000000,0.054741,-0.566543,-0.822212,0.000000,-0.938887,-0.309470,0.150730,0.000000,0.000000,0.000000,0.000000,1.000000>,<18.050000>,<IgG_Antibody_1mer>,<0>,<26333>
<-26.530130,-773.055002,23.231990>,<-0.114830,0.069809,-0.990929,0.000000,-0.031276,0.996779,0.073845,0.000000,0.992893,0.039472,-0.112277,0.000000,0.000000,0.000000,0.000000,1.000000>,<42.880000>,<i1smd_56kD>,<0>,<74492>
<-70.201210,-296.624434,-1145.033359>,<-0.180929,-0.906163,0.382273,0.000000,-0.389887,-0.290755,-0.873756,0.000000,0.902914,-0.307131,-0.300695,0.000000,0.000000,0.000000,0.000000,1.000000>,<18.050000>,<IgG_Antibody_1mer>,<0>,<7333>
<135.500804,496.938776,528.592519>,<-0.198108,0.058158,0.978453,0.000000,-0.694788,0.695797,-0.182032,0.000000,-0.691391,-0.715880,-0.097435,0.000000,0.000000,0.000000,0.000000,1.000000>,<18.050000>,<IgG_Antibody_1mer>,<0>,<104372>
<170.545296,-643.120300,483.519556>,<-0.625903,0.310268,-0.715527,0.000000,0.456532,0.889603,-0.013598,0.000000,0.632316,-0.335172,-0.698453,0.000000,0.000000,0.000000,0.000000,1.000000>,<18.050000>,<IgG_Antibody_1mer>,<0>,<101669>
<154.332254,607.034632,821.692132>,<-0.575230,-0.321824,0.752023,0.000000,0.808462,-0.083756,0.582558,0.000000,-0.124495,0.943088,0.308362,0.000000,0.000000,0.000000,0.000000,1.000000>,<18.050000>,<IgG_Antibody_1mer>,<0>,<123066>
<259.034383,299.433280,-1016.180376>,<0.683729,-0.729727,-0.003706,0.000000,0.385386,0.356771,0.850994,0.000000,-0.619671,-0.583278,0.525162,0.000000,0.000000,0.000000,0.000000,1.000000>,<50.360000>,<Transferrin>,<0>,<14624>
<-33.845580,-534.760879,501.455533>,<0.964481,-0.236119,0.118426,0.000000,0.007014,0.471056,0.882075,0.000000,-0.264060,-0.849914,0.455981,0.000000,0.000000,0.000000,0.000000,1.000000>,<37.520000>,<i2tsc_63kD>,<0>,<103430>
<457.511931,502.193482,-910.091886>,<-0.495333,0.851877,-0.170149,0.000000,0.312550,-0.007986,-0.949868,0.000000,-0.810530,-0.523681,-0.262298,0.000000,0.000000,0.000000,0.000000,1.000000>,<42.880000>,<i1smd_56kD>,<0>,<19883>
<391.764470,613.126042,-1080.795628>,<-0.907482,0.137160,-0.397069,0.000000,-0.419596,-0.341847,0.840881,0.000000,-0.020402,0.929692,0.367772,0.000000,0.000000,0.000000,0.000000,1.000000>,<18.050000>,<IgG_Antibody_1mer>,<0>,<11535>
<571.427358,621.995379,741.480402>,<-0.527773,0.847522,0.056232,0.000000,-0.778350,-0.456070,-0.431475,0.000000,-0.340039,-0.271489,0.900371,0.000000,0.000000,0.000000,0.000000,1.000000>,<18.050000>,<IgG_Antibody_1mer>,<0>,<118011>
<-5.365661,-455.089302,570.160050>,<0.945689,0.269961,-0.181088,0.000000,0.033728,0.472580,0.880642,0.000000,0.323318,-0.838922,0.437808,0.000000,0.000000,0.000000,0.000000,1.000000>,<18.050000>,<IgG_Antibody_1mer>,<0>,<106889>
<392.110178,501.458512,-1104.236613>,<-0.343189,-0.889857,-0.300625,0.000000,0.307864,0.195812,-0.931062,0.000000,0.887379,-0.412082,0.206755,0.000000,0.000000,0.000000,0.000000,1.000000>,<18.050000>,<IgG_Antibody_1mer>,<0>,<9741>
<266.362569,-821.453863,-614.757981>,<0.861376,-0.168282,0.479283,0.000000,-0.440734,-0.716705,0.540451,0.000000,0.252557,-0.676768,-0.691520,0.000000,0.000000,0.000000,0.000000,1.000000>,<49.980000>,<SerumAlbumin>,<0>,<37270>
<108.423180,-458.511837,-610.054743>,<0.267002,0.900082,0.344330,0.000000,0.434861,-0.431386,0.790444,0.000000,0.860003,-0.061315,-0.506592,0.000000,0.000000,0.000000,0.000000,1.000000>,<18.050000>,<IgG_Antibody_1mer>,<0>,<37603>
<200.658223,-881.426922,246.689019>,<-0.799286,0.412650,0.436878,0.000000,0.272916,-0.398436,0.875652,0.000000,0.535405,0.819127,0.205845,0.000000,0.000000,0.000000,0.000000,1.000000>,<18.050000>,<IgG_Antibody_1mer>,<0>,<87916>
<-8.840535,-186.420404,-1162.859024>,<-0.383456,-0.844064,-0.374856,0.000000,0.788410,-0.087774,-0.608856,0.000000,0.481011,-0.529010,0.699126,0.000000,0.000000,0.000000,0.000000,1.000000>,<18.050000>,<IgG_Antibody_1mer>,<0>,<5723>
<100.242916,558.223445,-1253.635884>,<0.427075,0.740751,0.518551,0.000000,0.096818,-0.607646,0.788285,0.000000,0.899018,-0.286452,-0.331228,0.000000,0.000000,0.000000,0.000000,1.000000>,<50.360000>,<Transferrin>,<0>,<1333>
<-40.725098,-511.704331,-561.277133>,<-0.676716,0.622184,0.393628,0.000000,0.443194,0.771175,-0.457021,0.000000,-0.587907,-0.134820,-0.797615,0.000000,0.000000,0.000000,0.000000,1.000000>,<18.050000>,<IgG_Antibody_1mer>,<0>,<40926>
<550.533298,389.250864,-347.622797>,<-0.478071,-0.671978,-0.565592,0.000000,0.788264,-0.044222,-0.613746,0.000000,0.387412,-0.739250,0.550837,0.000000,0.000000,0.000000,0.000000,1.000000>,<49.980000>,<SerumAlbumin>,<0>,<53582>
<260.799259,-47.717484,-1128.694802>,<-0.810712,0.549054,0.203190,0.000000,-0.371161,-0.213621,-0.903662,0.000000,-0.452754,-0.808026,0.376972,0.000000,0.000000,0.000000,0.000000,1.000000>,<18.050000>,<IgG_Antibody_1mer>,<0>,<7552>
<318.125588,871.885565,-509.328732>,<-0.328273,0.905510,0.268866,0.000000,-0.698611,-0.424324,0.576101,0.000000,0.635751,0.001286,0.771893,0.000000,0.000000,0.000000,0.000000,1.000000>,<18.050000>,<IgG_Antibody_1mer>,<0>,<45566>
<422.379395,-115.873039,-862.062003>,<0.146627,-0.214004,-0.965765,0.000000,0.140193,-0.961967,0.234447,0.000000,-0.979207,-0.169770,-0.111049,0.000000,0.000000,0.000000,0.000000,1.000000>,<18.050000>,<IgG_Antibody_1mer>,<0>,<22716>
<581.781168,782.111724,466.161913>,<-0.715927,-0.613570,-0.333137,0.000000,0.154420,-0.604494,0.781500,0.000000,-0.680884,0.508054,0.527521,0.000000,0.000000,0.000000,0.000000,1.000000>,<18.050000>,<IgG_Antibody_1mer>,<0>,<101267>
<-13.032964,617.649181,1056.585404>,<-0.131587,-0.708490,-0.693344,0.000000,0.793376,0.344075,-0.502163,0.000000,0.594340,-0.616161,0.516823,0.000000,0.000000,0.000000,0.000000,1.000000>,<18.050000>,<IgG_Antibody_1mer>,<0>,<136581>
<-90.428476,-416.296438,853.634365>,<0.629124,0.680231,0.376150,0.000000,0.239338,-0.629926,0.738858,0.000000,0.739540,-0.374806,-0.559107,0.000000,0.000000,0.000000,0.000000,1.000000>,<49.320000>,<Ceruloplasmin>,<0>,<123812>
<104.392712,540.775273,-899.474124>,<0.749734,0.598058,0.283240,0.000000,-0.131746,0.554356,-0.821786,0.000000,-0.648492,0.578806,0.494411,0.000000,0.000000,0.000000,0.000000,1.000000>,<18.050000>,<IgG_Antibody_1mer>,<0>,<21587>
<628.718151,262.976617,-826.086037>,<-0.298627,-0.692436,-0.656776,0.000000,-0.857830,0.496355,-0.133262,0.000000,0.418269,0.523607,-0.742217,0.000000,0.000000,0.000000,0.000000,1.000000>,<42.880000>,<i1smd_56kD>,<0>,<26441>
<1.131922,-787.937686,121.693625>,<0.674265,0.703122,0.225801,0.000000,-0.731148,0.592584,0.338034,0.000000,0.103873,-0.393019,0.913645,0.000000,0.000000,0.000000,0.000000,1.000000>,<18.050000>,<IgG_Antibody_1mer>,<0>,<79537>
<87.948365,119.694723,-687.967284>,<-0.027448,0.397622,-0.917139,0.000000,0.918767,0.371517,0.133572,0.000000,0.393844,-0.838971,-0.375519,0.000000,0.000000,0.000000,0.000000,1.000000>,<18.050000>,<IgG_Antibody_1mer>,<0>,<33052>
<-60.541360,610.754099,917.234599>,<0.613727,-0.682105,-0.397582,0.000000,0.662292,0.718910,-0.211040,0.000000,0.429777,-0.133795,0.892968,0.000000,0.000000,0.000000,0.000000,1.000000>,<18.050000>,<IgG_Antibody_1mer>,<0>,<128129>
<-55.900587,32.600477,-790.726161>,<-0.845666,0.180406,-0.502297,0.000000,0.292066,0.944142,-0.152621,0.000000,0.446706,-0.275770,-0.851119,0.000000,0.000000,0.000000,0.000000,1.000000>,<39.170000>,<AntiTrypsin>,<0>,<27899>
<603.640926,-610.334524,445.841158>,<-0.101145,-0.993727,-0.047707,0.000000,0.093481,0.038247,-0.994886,0.000000,0.990470,-0.105088,0.089026,0.000000,0.000000,0.000000,0.000000,1.000000>,<18.050000>,<IgG_Antibody_1mer>,<0>,<100020>
<451.215838,-823.663400,523.364720>,<0.358531,0.690573,0.628144,0.000000,0.831154,-0.542493,0.122005,0.000000,0.425016,0.478342,-0.768473,0.000000,0.000000,0.000000,0.000000,1.000000>,<18.050000>,<IgG_Antibody_1mer>,<0>,<103187>
