<501.274298,399.700780,-237.036073>,<0.157315,0.691442,-0.705096,0.000000,0.234076,0.667532,0.706831,0.000000,0.959406,-0.276241,-0.056837,0.000000,0.000000,0.000000,0.000000,1.000000>,<9.390000>,<MA_matrix_G1>,<1>,<230415>
<515.993262,127.990644,-428.017662>,<-0.547883,0.667381,0.504407,0.000000,-0.557705,0.158025,-0.814858,0.000000,-0.623530,-0.727757,0.285622,0.000000,0.000000,0.000000,0.000000,1.000000>,<9.390000>,<MA_matrix_G1>,<1>,<229719>
<500.510918,-211.869810,-413.156157>,<0.502965,0.672627,0.542769,0.000000,-0.455903,-0.327048,0.827763,0.000000,0.734288,-0.663786,0.142159,0.000000,0.000000,0.000000,0.000000,1.000000>,<9.390000>,<MA_matrix_G1>,<1>,<228919>
<579.258849,329.360898,148.401709>,<-0.057789,0.837481,0.543403,0.000000,0.395615,0.518961,-0.757739,0.000000,-0.916597,0.171189,-0.361310,0.000000,0.000000,0.000000,0.000000,1.000000>,<9.390000>,<MA_matrix_G1>,<1>,<230204>
<-474.153667,-208.950188,-444.829147>,<-0.550576,-0.720341,-0.421871,0.000000,0.822008,-0.379745,-0.424377,0.000000,0.145492,-0.580433,0.801205,0.000000,0.000000,0.000000,0.000000,1.000000>,<9.390000>,<MA_matrix_G1>,<1>,<228946>
<287.247132,617.766214,-55.140560>,<0.907336,0.416587,-0.056546,0.000000,-0.406003,0.903192,0.139301,0.000000,0.109103,-0.103435,0.988634,0.000000,0.000000,0.000000,0.000000,1.000000>,<9.390000>,<MA_matrix_G1>,<1>,<231211>
<-476.292950,436.313490,-223.810282>,<-0.480086,-0.611632,-0.628828,0.000000,0.048309,0.697318,-0.715132,0.000000,0.875890,-0.373703,-0.305225,0.000000,0.000000,0.000000,0.000000,1.000000>,<9.390000>,<MA_matrix_G1>,<1>,<230551>
<595.362926,86.061591,-324.357455>,<-0.492797,0.867421,-0.068781,0.000000,0.411820,0.162868,-0.896593,0.000000,-0.766521,-0.470164,-0.437482,0.000000,0.000000,0.000000,0.000000,1.000000>,<9.390000>,<MA_matrix_G1>,<1>,<229616>
<16.001638,681.930489,37.202969>,<0.824521,0.029688,-0.565053,0.000000,-0.064466,0.997049,-0.041683,0.000000,0.562148,0.070796,0.824001,0.000000,0.000000,0.000000,0.000000,1.000000>,<9.390000>,<MA_matrix_G1>,<1>,<231790>
<495.030188,-86.419539,-463.240369>,<-0.621544,0.782350,-0.040133,0.000000,-0.172371,-0.186558,-0.967204,0.000000,-0.764180,-0.594243,0.250809,0.000000,0.000000,0.000000,0.000000,1.000000>,<9.390000>,<MA_matrix_G1>,<1>,<229220>
<277.447589,367.548625,-503.431711>,<0.376504,0.375983,0.846689,0.000000,-0.837268,0.529279,0.137282,0.000000,-0.396519,-0.760593,0.514074,0.000000,0.000000,0.000000,0.000000,1.000000>,<9.390000>,<MA_matrix_G1>,<1>,<230325>
<376.716143,-399.513839,-404.938655>,<0.206087,0.518497,0.829873,0.000000,-0.632874,-0.576200,0.517169,0.000000,0.746324,-0.631787,0.209396,0.000000,0.000000,0.000000,0.000000,1.000000>,<9.390000>,<MA_matrix_G1>,<1>,<228421>
<-35.370572,681.363774,22.985950>,<-0.072232,-0.008208,-0.997354,0.000000,0.049474,0.998706,-0.011802,0.000000,0.996160,-0.050195,-0.071732,0.000000,0.000000,0.000000,0.000000,1.000000>,<9.390000>,<MA_matrix_G1>,<1>,<231867>
<-225.025607,433.242310,-478.487065>,<-0.600154,-0.501210,-0.623381,0.000000,0.335687,0.549568,-0.765042,0.000000,0.726037,-0.668404,-0.161576,0.000000,0.000000,0.000000,0.000000,1.000000>,<9.390000>,<MA_matrix_G1>,<1>,<230540>
<-0.949614,327.598393,599.752934>,<-0.842503,-0.107705,-0.527814,0.000000,-0.495434,0.539617,0.680704,0.000000,0.211502,0.834993,-0.507990,0.000000,0.000000,0.000000,0.000000,1.000000>,<9.390000>,<MA_matrix_G1>,<1>,<230183>
<515.706923,127.717730,428.920772>,<-0.155781,0.745221,0.648366,0.000000,0.977829,0.209327,-0.005657,0.000000,-0.139936,0.633110,-0.761308,0.000000,0.000000,0.000000,0.000000,1.000000>,<9.390000>,<MA_matrix_G1>,<1>,<229697>
<244.510418,635.690374,-61.881601>,<0.679054,0.344803,0.648072,0.000000,-0.311816,0.934705,-0.170581,0.000000,-0.664573,-0.086245,0.742230,0.000000,0.000000,0.000000,0.000000,1.000000>,<9.390000>,<MA_matrix_G1>,<1>,<231312>
<425.493664,434.397590,-309.974278>,<-0.566871,0.636173,0.523394,0.000000,0.019850,0.645700,-0.763333,0.000000,-0.823567,-0.422322,-0.378657,0.000000,0.000000,0.000000,0.000000,1.000000>,<9.390000>,<MA_matrix_G1>,<1>,<230518>
<-235.246733,617.528642,-171.359366>,<0.620801,-0.323193,0.714249,0.000000,-0.018824,0.904662,0.425715,0.000000,-0.783742,-0.277729,0.555531,0.000000,0.000000,0.000000,0.000000,1.000000>,<9.390000>,<MA_matrix_G1>,<1>,<231248>
<157.210396,-576.688178,329.590402>,<0.708641,0.256407,-0.657331,0.000000,-0.168910,-0.842892,-0.510884,0.000000,-0.685053,0.473062,-0.553998,0.000000,0.000000,0.000000,0.000000,1.000000>,<9.390000>,<MA_matrix_G1>,<1>,<227790>
<437.108538,251.128360,-460.414020>,<-0.765404,0.629418,0.134123,0.000000,0.089194,0.310153,-0.946493,0.000000,-0.637339,-0.712487,-0.293533,0.000000,0.000000,0.000000,0.000000,1.000000>,<9.390000>,<MA_matrix_G1>,<1>,<230021>
<463.341819,-87.124291,-493.514122>,<-0.759069,0.649881,0.038331,0.000000,-0.169654,-0.140626,-0.975419,0.000000,-0.628516,-0.746913,0.216999,0.000000,0.000000,0.000000,0.000000,1.000000>,<9.390000>,<MA_matrix_G1>,<1>,<229221>
<265.450835,616.863408,122.629293>,<0.866463,0.395339,0.304874,0.000000,-0.327221,0.910932,-0.251257,0.000000,-0.377051,0.117944,0.918652,0.000000,0.000000,0.000000,0.000000,1.000000>,<9.390000>,<MA_matrix_G1>,<1>,<231201>
<72.739159,617.077482,-283.261717>,<0.441938,0.048274,-0.895746,0.000000,0.397721,0.884496,0.243894,0.000000,0.804058,-0.464043,0.371693,0.000000,0.000000,0.000000,0.000000,1.000000>,<9.390000>,<MA_matrix_G1>,<1>,<231229>
<1.532866,634.998087,-251.281711>,<0.765608,0.006954,0.643270,0.000000,-0.242826,0.929094,0.278963,0.000000,-0.595718,-0.369779,0.713010,0.000000,0.000000,0.000000,0.000000,1.000000>,<9.390000>,<MA_matrix_G1>,<1>,<231333>
<488.838917,252.048852,-404.866732>,<-0.233827,0.671894,0.702768,0.000000,-0.567078,0.492887,-0.659913,0.000000,-0.789777,-0.552830,0.265766,0.000000,0.000000,0.000000,0.000000,1.000000>,<9.390000>,<MA_matrix_G1>,<1>,<230019>
<523.873710,364.428855,245.022184>,<0.268153,0.752389,-0.601668,0.000000,-0.684160,0.588424,0.430909,0.000000,0.678247,0.296088,0.672542,0.000000,0.000000,0.000000,0.000000,1.000000>,<9.390000>,<MA_matrix_G1>,<1>,<230301>
<-402.255894,2.721023,552.205059>,<0.633620,-0.545097,0.548994,0.000000,0.656151,0.002687,-0.754625,0.000000,0.409869,0.838368,0.359369,0.000000,0.000000,0.000000,0.000000,1.000000>,<9.390000>,<MA_matrix_G1>,<1>,<229473>
<-247.911105,634.486812,45.321800>,<-0.409985,-0.260800,-0.874011,0.000000,-0.105438,0.965376,-0.238603,0.000000,0.905977,-0.005670,-0.423288,0.000000,0.000000,0.000000,0.000000,1.000000>,<9.390000>,<MA_matrix_G1>,<1>,<231361>
<665.864774,-86.821160,-125.352851>,<-0.250778,0.953906,-0.164843,0.000000,0.071736,-0.151504,-0.985850,0.000000,-0.965383,-0.259054,-0.030436,0.000000,0.000000,0.000000,0.000000,1.000000>,<9.390000>,<MA_matrix_G1>,<1>,<229211>
<8.230268,670.739731,-127.058080>,<-0.760338,-0.083094,0.644191,0.000000,-0.145091,0.988451,-0.043751,0.000000,-0.633115,-0.126732,-0.763612,0.000000,0.000000,0.000000,0.000000,1.000000>,<9.390000>,<MA_matrix_G1>,<1>,<231632>
<534.820210,400.833746,137.619115>,<-0.438407,0.731400,-0.522353,0.000000,0.113416,0.621557,0.775116,0.000000,0.891592,0.280573,-0.355447,0.000000,0.000000,0.000000,0.000000,1.000000>,<9.390000>,<MA_matrix_G1>,<1>,<230404>
<325.181642,401.553970,447.896512>,<0.779144,0.510921,-0.363173,0.000000,-0.625795,0.600480,-0.497799,0.000000,-0.036258,0.615130,0.787592,0.000000,0.000000,0.000000,0.000000,1.000000>,<9.390000>,<MA_matrix_G1>,<1>,<230393>
<650.710771,125.650245,-168.456138>,<-0.439099,0.897718,0.035984,0.000000,0.598737,0.322251,-0.733259,0.000000,-0.669855,-0.300429,-0.678997,0.000000,0.000000,0.000000,0.000000,1.000000>,<9.390000>,<MA_matrix_G1>,<1>,<229712>
<147.223137,-551.927792,-374.090906>,<0.275758,0.169161,0.946225,0.000000,-0.506518,-0.811060,0.292612,0.000000,0.816944,-0.559970,-0.137973,0.000000,0.000000,0.000000,0.000000,1.000000>,<9.390000>,<MA_matrix_G1>,<1>,<227927>
<604.890758,249.396450,197.350568>,<0.180362,0.912273,0.367733,0.000000,0.086013,0.357804,-0.929827,0.000000,-0.979832,0.199335,-0.013933,0.000000,0.000000,0.000000,0.000000,1.000000>,<9.390000>,<MA_matrix_G1>,<1>,<230003>
<385.921550,555.156421,-99.753892>,<-0.894427,0.445639,0.037498,0.000000,0.429449,0.879270,-0.206052,0.000000,-0.124795,-0.168195,-0.977822,0.000000,0.000000,0.000000,0.000000,1.000000>,<9.390000>,<MA_matrix_G1>,<1>,<230912>
<285.174044,617.323857,53.262207>,<-0.782127,0.593834,-0.188779,0.000000,0.576679,0.804585,0.141720,0.000000,0.236047,0.001978,-0.971740,0.000000,0.000000,0.000000,0.000000,1.000000>,<9.390000>,<MA_matrix_G1>,<1>,<231205>
<624.783355,-128.473992,-247.233456>,<0.034794,0.888777,0.457016,0.000000,-0.882991,-0.186850,0.430598,0.000000,0.468099,-0.418523,0.778281,0.000000,0.000000,0.000000,0.000000,1.000000>,<9.390000>,<MA_matrix_G1>,<1>,<229114>
<575.619801,-44.239794,364.465469>,<-0.350747,0.888031,-0.297283,0.000000,-0.680301,-0.023464,0.732557,0.000000,0.643558,0.459184,0.612358,0.000000,0.000000,0.000000,0.000000,1.000000>,<9.390000>,<MA_matrix_G1>,<1>,<229299>
<36.790832,669.244576,124.694097>,<0.352094,0.039128,0.935146,0.000000,0.103570,0.991361,-0.080476,0.000000,-0.930217,0.125188,0.345000,0.000000,0.000000,0.000000,0.000000,1.000000>,<9.390000>,<MA_matrix_G1>,<1>,<231588>
<1.007305,-648.895859,-215.162169>,<0.370736,-0.054948,0.927111,0.000000,-0.353952,-0.931269,0.086345,0.000000,0.858646,-0.360164,-0.364704,0.000000,0.000000,0.000000,0.000000,1.000000>,<9.390000>,<MA_matrix_G1>,<1>,<227433>
<-650.659336,127.326330,-166.768085>,<-0.223465,-0.974253,0.029919,0.000000,-0.889473,0.191274,-0.415032,0.000000,0.398623,-0.119357,-0.909315,0.000000,0.000000,0.000000,0.000000,1.000000>,<9.390000>,<MA_matrix_G1>,<1>,<229754>
<13.594287,671.349508,125.940852>,<0.252232,0.048007,0.966475,0.000000,0.198826,0.974887,-0.100314,0.000000,-0.947020,0.217463,0.236352,0.000000,0.000000,0.000000,0.000000,1.000000>,<9.390000>,<MA_matrix_G1>,<1>,<231585>
<546.912897,403.663794,-67.690574>,<-0.639705,0.652857,-0.405655,0.000000,0.662496,0.735930,0.139665,0.000000,0.389715,-0.179401,-0.903293,0.000000,0.000000,0.000000,0.000000,1.000000>,<9.390000>,<MA_matrix_G1>,<1>,<230410>
<297.924264,402.841619,-464.668531>,<-0.600130,0.351458,0.718555,0.000000,-0.532276,0.495089,-0.686709,0.000000,-0.597098,-0.794584,-0.110046,0.000000,0.000000,0.000000,0.000000,1.000000>,<9.390000>,<MA_matrix_G1>,<1>,<230424>
<-44.648859,576.614347,363.488804>,<-0.284250,-0.093342,0.954195,0.000000,0.542065,0.805260,0.240251,0.000000,-0.790801,0.585528,-0.178298,0.000000,0.000000,0.000000,0.000000,1.000000>,<9.390000>,<MA_matrix_G1>,<1>,<231081>
<399.429050,-3.748198,553.969530>,<0.774729,0.620992,-0.119014,0.000000,-0.117375,-0.043708,-0.992125,0.000000,-0.621304,0.782597,0.039027,0.000000,0.000000,0.000000,0.000000,1.000000>,<9.390000>,<MA_matrix_G1>,<1>,<229393>
<466.694234,-2.519507,-498.109235>,<-0.692843,0.515842,-0.503861,0.000000,0.557558,-0.059874,-0.827976,0.000000,-0.457273,-0.854589,-0.246129,0.000000,0.000000,0.000000,0.000000,1.000000>,<9.390000>,<MA_matrix_G1>,<1>,<229421>
<444.068754,435.465619,282.205393>,<0.403041,0.685221,-0.606654,0.000000,-0.759112,0.620562,0.196601,0.000000,0.511182,0.381281,0.770272,0.000000,0.000000,0.000000,0.000000,1.000000>,<9.390000>,<MA_matrix_G1>,<1>,<230499>
<342.227093,466.377374,362.942301>,<-0.669282,0.529259,0.521484,0.000000,0.700341,0.683783,0.204852,0.000000,-0.248162,0.502320,-0.828305,0.000000,0.000000,0.000000,0.000000,1.000000>,<9.390000>,<MA_matrix_G1>,<1>,<230595>
<29.414768,679.870895,-31.028212>,<-0.678565,-0.095682,0.728282,0.000000,-0.096966,0.994471,0.040307,0.000000,-0.728112,-0.043268,-0.684091,0.000000,0.000000,0.000000,0.000000,1.000000>,<9.390000>,<MA_matrix_G1>,<1>,<231821>
<-271.171038,251.781258,-574.234266>,<0.507930,-0.537973,0.672749,0.000000,-0.624047,0.308543,0.717891,0.000000,-0.593778,-0.784465,-0.179002,0.000000,0.000000,0.000000,0.000000,1.000000>,<9.390000>,<MA_matrix_G1>,<1>,<230040>
<-70.623454,661.352918,152.187481>,<-0.980294,-0.197043,-0.014029,0.000000,-0.197531,0.978516,0.059052,0.000000,0.002092,0.060659,-0.998156,0.000000,0.000000,0.000000,0.000000,1.000000>,<9.390000>,<MA_matrix_G1>,<1>,<231576>
<425.031599,130.193178,518.049866>,<-0.114336,0.787753,0.605287,0.000000,0.992646,0.066201,0.101349,0.000000,0.039767,0.612424,-0.789529,0.000000,0.000000,0.000000,0.000000,1.000000>,<9.390000>,<MA_matrix_G1>,<1>,<229694>
<278.300010,598.435873,-177.999622>,<-0.767928,0.469082,-0.436174,0.000000,0.563580,0.818425,-0.112067,0.000000,0.304407,-0.331878,-0.892857,0.000000,0.000000,0.000000,0.000000,1.000000>,<9.390000>,<MA_matrix_G1>,<1>,<231117>
<-234.258585,-577.923786,279.026189>,<-0.485624,-0.356896,0.797994,0.000000,0.529367,-0.846513,-0.056446,0.000000,0.695658,0.395021,0.600016,0.000000,0.000000,0.000000,0.000000,1.000000>,<9.390000>,<MA_matrix_G1>,<1>,<227872>
<172.493594,577.729743,-320.027219>,<-0.899868,0.244971,0.360870,0.000000,0.049578,0.879462,-0.473380,0.000000,-0.433336,-0.408088,-0.803545,0.000000,0.000000,0.000000,0.000000,1.000000>,<9.390000>,<MA_matrix_G1>,<1>,<231025>
<62.763412,677.604804,-58.972658>,<-0.994617,0.095846,-0.039390,0.000000,0.098138,0.993296,-0.061087,0.000000,0.033271,-0.064623,-0.997355,0.000000,0.000000,0.000000,0.000000,1.000000>,<9.390000>,<MA_matrix_G1>,<1>,<231720>
<143.339653,497.790307,445.377832>,<-0.887513,0.320870,-0.330702,0.000000,-0.047579,0.650044,0.758406,0.000000,0.458320,0.688829,-0.561656,0.000000,0.000000,0.000000,0.000000,1.000000>,<9.390000>,<MA_matrix_G1>,<1>,<230688>
<170.973151,649.684304,121.742768>,<-0.984710,0.124848,0.121485,0.000000,0.152844,0.953788,0.258703,0.000000,-0.083572,0.273316,-0.958287,0.000000,0.000000,0.000000,0.000000,1.000000>,<9.390000>,<MA_matrix_G1>,<1>,<231398>
<589.008915,253.207265,-234.876626>,<-0.141281,0.850996,0.505811,0.000000,-0.569069,0.348271,-0.744895,0.000000,-0.810062,-0.393081,0.435071,0.000000,0.000000,0.000000,0.000000,1.000000>,<9.390000>,<MA_matrix_G1>,<1>,<230014>
<163.937499,-171.425150,-640.080393>,<-0.234676,0.076814,-0.969034,0.000000,0.942434,-0.226311,-0.246173,0.000000,-0.238213,-0.971022,-0.019282,0.000000,0.000000,0.000000,0.000000,1.000000>,<9.390000>,<MA_matrix_G1>,<1>,<229029>
<587.706930,128.234422,323.829021>,<-0.349355,0.913978,0.206386,0.000000,0.786643,0.166427,0.594554,0.000000,0.509062,0.370062,-0.777117,0.000000,0.000000,0.000000,0.000000,1.000000>,<9.390000>,<MA_matrix_G1>,<1>,<229700>
<249.320662,-3.655890,635.912300>,<0.296440,0.317396,0.900768,0.000000,0.945831,0.033177,-0.322960,0.000000,-0.132391,0.947712,-0.290368,0.000000,0.000000,0.000000,0.000000,1.000000>,<9.390000>,<MA_matrix_G1>,<1>,<229389>
<-81.045541,677.864719,-25.659655>,<0.214407,-0.167741,0.962233,0.000000,0.005962,0.985350,0.170443,0.000000,-0.976726,-0.030807,0.212266,0.000000,0.000000,0.000000,0.000000,1.000000>,<9.390000>,<MA_matrix_G1>,<1>,<231753>
<-57.621385,497.684420,463.934039>,<-0.408496,-0.042146,-0.911787,0.000000,-0.605345,0.760151,0.236068,0.000000,0.683146,0.648378,-0.336032,0.000000,0.000000,0.000000,0.000000,1.000000>,<9.390000>,<MA_matrix_G1>,<1>,<230781>
<526.693644,43.520276,432.107225>,<-0.531739,0.822593,0.201480,0.000000,0.400387,0.034534,0.915695,0.000000,0.746286,0.567581,-0.347719,0.000000,0.000000,0.000000,0.000000,1.000000>,<9.390000>,<MA_matrix_G1>,<1>,<229497>
<-420.781301,170.303247,510.237055>,<-0.697631,-0.614678,-0.368079,0.000000,-0.636111,0.295019,0.712970,0.000000,-0.329657,0.731529,-0.596818,0.000000,0.000000,0.000000,0.000000,1.000000>,<9.390000>,<MA_matrix_G1>,<1>,<229872>
<135.687545,634.445964,-213.668033>,<-0.916996,0.248294,0.312200,0.000000,0.100262,0.900998,-0.422079,0.000000,-0.386092,-0.355743,-0.851105,0.000000,0.000000,0.000000,0.000000,1.000000>,<9.390000>,<MA_matrix_G1>,<1>,<231324>
<426.840539,-129.278723,517.742802>,<0.645056,0.634054,0.426472,0.000000,0.649219,-0.160400,-0.743496,0.000000,-0.403011,0.756470,-0.515107,0.000000,0.000000,0.000000,0.000000,1.000000>,<9.390000>,<MA_matrix_G1>,<1>,<229094>
<-467.886288,-1.421962,-497.751695>,<-0.564191,-0.741558,-0.363016,0.000000,0.666480,-0.149529,-0.730373,0.000000,0.487332,-0.654013,0.578597,0.000000,0.000000,0.000000,0.000000,1.000000>,<9.390000>,<MA_matrix_G1>,<1>,<229445>
<564.942766,128.595939,-361.218164>,<0.257471,0.761090,-0.595358,0.000000,0.786410,0.192975,0.586788,0.000000,0.561488,-0.619276,-0.548843,0.000000,0.000000,0.000000,0.000000,1.000000>,<9.390000>,<MA_matrix_G1>,<1>,<229717>
<-243.994501,167.435572,616.188010>,<0.947841,-0.296074,0.118060,0.000000,0.196215,0.250085,-0.948134,0.000000,0.251193,0.921845,0.295135,0.000000,0.000000,0.000000,0.000000,1.000000>,<9.390000>,<MA_matrix_G1>,<1>,<229877>
<25.103667,649.603600,208.709901>,<0.316022,0.005011,0.948738,0.000000,0.311566,0.943979,-0.108767,0.000000,-0.896134,0.329967,0.296757,0.000000,0.000000,0.000000,0.000000,1.000000>,<9.390000>,<MA_matrix_G1>,<1>,<231385>
<429.715361,-524.824995,-80.407732>,<-0.662660,0.624187,-0.413849,0.000000,-0.403774,-0.763169,-0.504519,0.000000,-0.630751,-0.167223,0.757753,0.000000,0.000000,0.000000,0.000000,1.000000>,<9.390000>,<MA_matrix_G1>,<1>,<228011>
<-81.177019,-212.278144,-643.461242>,<-0.951130,-0.227056,0.209278,0.000000,-0.129023,-0.323518,-0.937384,0.000000,0.280544,-0.918576,0.278412,0.000000,0.000000,0.000000,0.000000,1.000000>,<9.390000>,<MA_matrix_G1>,<1>,<228935>
<25.117421,552.286214,399.838945>,<0.137962,0.014672,0.990329,0.000000,0.574105,0.813593,-0.092032,0.000000,-0.807075,0.581250,0.103821,0.000000,0.000000,0.000000,0.000000,1.000000>,<9.390000>,<MA_matrix_G1>,<1>,<230884>
<513.121732,252.501246,-374.084288>,<-0.327599,0.778038,0.536037,0.000000,-0.617905,0.252767,-0.744515,0.000000,-0.714753,-0.575123,0.397947,0.000000,0.000000,0.000000,0.000000,1.000000>,<9.390000>,<MA_matrix_G1>,<1>,<230018>
<-665.435739,84.760955,-128.318345>,<0.100602,-0.981743,-0.161430,0.000000,0.825456,0.172940,-0.537322,0.000000,0.555430,-0.079198,0.827784,0.000000,0.000000,0.000000,0.000000,1.000000>,<9.390000>,<MA_matrix_G1>,<1>,<229655>
<-157.087618,253.048762,-614.573479>,<0.947156,-0.275029,0.165092,0.000000,-0.045967,0.392983,0.918396,0.000000,-0.317464,-0.877453,0.359574,0.000000,0.000000,0.000000,0.000000,1.000000>,<9.390000>,<MA_matrix_G1>,<1>,<230037>
<444.546084,-212.526535,473.861456>,<-0.367633,0.575188,0.730756,0.000000,0.643740,-0.409696,0.646334,0.000000,0.671151,0.708031,-0.219654,0.000000,0.000000,0.000000,0.000000,1.000000>,<9.390000>,<MA_matrix_G1>,<1>,<228895>
<648.778007,171.050633,-126.515366>,<0.363045,0.930818,0.042153,0.000000,-0.757245,0.268382,0.595441,0.000000,0.542935,-0.248092,0.802292,0.000000,0.000000,0.000000,0.000000,1.000000>,<9.390000>,<MA_matrix_G1>,<1>,<229811>
<677.415316,88.329701,-2.256267>,<-0.150264,0.974232,-0.168203,0.000000,0.332392,0.210015,0.919461,0.000000,0.931094,0.082252,-0.355385,0.000000,0.000000,0.000000,0.000000,1.000000>,<9.390000>,<MA_matrix_G1>,<1>,<229608>
<89.324580,648.934501,-191.261374>,<0.035421,0.252809,0.966868,0.000000,-0.272815,0.933174,-0.234004,0.000000,-0.961414,-0.255487,0.102024,0.000000,0.000000,0.000000,0.000000,1.000000>,<9.390000>,<MA_matrix_G1>,<1>,<231426>
<423.973771,170.986177,-508.103609>,<-0.264671,0.450714,-0.852529,0.000000,0.948096,0.283193,-0.144622,0.000000,0.176247,-0.846557,-0.502273,0.000000,0.000000,0.000000,0.000000,1.000000>,<9.390000>,<MA_matrix_G1>,<1>,<229822>
<-38.677719,-252.474296,-633.138377>,<0.003376,-0.188273,0.982111,0.000000,-0.943204,-0.326858,-0.059417,0.000000,0.332197,-0.926130,-0.178683,0.000000,0.000000,0.000000,0.000000,1.000000>,<9.390000>,<MA_matrix_G1>,<1>,<228834>
<-295.295351,575.242117,-218.009238>,<0.561697,-0.491331,0.665650,0.000000,0.119453,0.844295,0.522395,0.000000,-0.818674,-0.213914,0.532929,0.000000,0.000000,0.000000,0.000000,1.000000>,<9.390000>,<MA_matrix_G1>,<1>,<231048>
<81.269252,-167.561425,-656.277469>,<0.453629,0.026379,-0.890800,0.000000,0.876974,-0.191042,0.440931,0.000000,-0.158549,-0.981227,-0.109796,0.000000,0.000000,0.000000,0.000000,1.000000>,<9.390000>,<MA_matrix_G1>,<1>,<229031>
<622.538947,250.825334,119.145730>,<-0.274535,0.928542,0.249882,0.000000,0.824420,0.361046,-0.435864,0.000000,-0.494937,0.086348,-0.864628,0.000000,0.000000,0.000000,0.000000,1.000000>,<9.390000>,<MA_matrix_G1>,<1>,<230005>
<331.085633,577.133305,155.587108>,<0.841924,0.505565,0.188593,0.000000,-0.428083,0.838582,-0.336937,0.000000,-0.328494,0.202942,0.922446,0.000000,0.000000,0.000000,0.000000,1.000000>,<9.390000>,<MA_matrix_G1>,<1>,<231001>
<184.698076,634.860303,172.005061>,<0.616257,0.277851,0.736903,0.000000,0.067264,0.913707,-0.400768,0.000000,-0.784667,0.296543,0.544389,0.000000,0.000000,0.000000,0.000000,1.000000>,<9.390000>,<MA_matrix_G1>,<1>,<231296>
<-103.634206,364.969761,566.909477>,<-0.132778,-0.016306,-0.991012,0.000000,-0.806712,0.582678,0.098498,0.000000,0.575835,0.812539,-0.090521,0.000000,0.000000,0.000000,0.000000,1.000000>,<9.390000>,<MA_matrix_G1>,<1>,<230380>
<-113.139940,575.029374,-348.990740>,<0.584464,-0.180016,-0.791199,0.000000,0.496352,0.850687,0.173108,0.000000,0.641901,-0.493888,0.586547,0.000000,0.000000,0.000000,0.000000,1.000000>,<9.390000>,<MA_matrix_G1>,<1>,<231038>
<24.818021,-681.881884,-35.167774>,<0.844476,0.050801,-0.533179,0.000000,0.001516,-0.995714,-0.092470,0.000000,-0.535592,0.077280,-0.840933,0.000000,0.000000,0.000000,0.000000,1.000000>,<9.390000>,<MA_matrix_G1>,<1>,<227023>
<98.229836,660.939403,-138.177281>,<0.790551,0.148588,-0.594096,0.000000,0.010776,0.966593,0.256091,0.000000,0.612301,-0.208855,0.762540,0.000000,0.000000,0.000000,0.000000,1.000000>,<9.390000>,<MA_matrix_G1>,<1>,<231523>
<463.116293,330.079873,-379.853408>,<0.636166,0.634802,0.438543,0.000000,-0.770231,0.489261,0.409106,0.000000,0.045139,-0.598039,0.800195,0.000000,0.000000,0.000000,0.000000,1.000000>,<9.390000>,<MA_matrix_G1>,<1>,<230219>
<298.138550,526.619905,-316.926056>,<0.049339,0.435376,-0.898896,0.000000,0.393857,0.818581,0.418094,0.000000,0.917847,-0.374664,-0.131088,0.000000,0.000000,0.000000,0.000000,1.000000>,<9.390000>,<MA_matrix_G1>,<1>,<230821>
<365.673532,-577.410419,22.762271>,<-0.540841,0.499772,0.676549,0.000000,-0.332356,-0.865861,0.373930,0.000000,0.772678,-0.022618,0.634395,0.000000,0.000000,0.000000,0.000000,1.000000>,<9.390000>,<MA_matrix_G1>,<1>,<227807>
<85.445104,678.183538,5.402166>,<-0.054342,0.157393,-0.986040,0.000000,0.123080,0.981024,0.149809,0.000000,0.990908,-0.113221,-0.072683,0.000000,0.000000,0.000000,0.000000,1.000000>,<9.390000>,<MA_matrix_G1>,<1>,<231707>
<434.784472,497.400945,170.828892>,<0.147692,0.713871,0.684526,0.000000,0.253465,0.641682,-0.723878,0.000000,-0.956003,0.280414,-0.086170,0.000000,0.000000,0.000000,0.000000,1.000000>,<9.390000>,<MA_matrix_G1>,<1>,<230702>
<565.970583,127.447388,359.809242>,<-0.436644,0.887373,0.148026,0.000000,0.518741,0.113911,0.847308,0.000000,0.735016,0.446760,-0.510056,0.000000,0.000000,0.000000,0.000000,1.000000>,<9.390000>,<MA_matrix_G1>,<1>,<229699>
<239.099341,599.438298,-224.338731>,<0.847403,0.332597,0.413869,0.000000,-0.431804,0.885282,0.172689,0.000000,-0.308955,-0.325047,0.893807,0.000000,0.000000,0.000000,0.000000,1.000000>,<9.390000>,<MA_matrix_G1>,<1>,<231120>
<-38.536996,670.711099,-121.512071>,<0.882842,-0.114443,-0.455515,0.000000,0.170590,0.981758,0.083967,0.000000,0.437596,-0.151836,0.886259,0.000000,0.000000,0.000000,0.000000,1.000000>,<9.390000>,<MA_matrix_G1>,<1>,<231638>
<476.170678,-436.036007,-224.552847>,<0.618444,0.683732,0.387347,0.000000,0.260494,-0.643417,0.719831,0.000000,0.741397,-0.344274,-0.576026,0.000000,0.000000,0.000000,0.000000,1.000000>,<9.390000>,<MA_matrix_G1>,<1>,<228315>
<-489.123178,127.838559,-459.794330>,<0.660265,-0.743239,0.107916,0.000000,0.120429,0.246607,0.961604,0.000000,-0.741315,-0.621917,0.252334,0.000000,0.000000,0.000000,0.000000,1.000000>,<9.390000>,<MA_matrix_G1>,<1>,<229746>
<443.315000,-437.067750,-281.312993>,<0.712336,0.605964,-0.354099,0.000000,0.699721,-0.574003,0.425336,0.000000,0.054484,-0.550752,-0.832889,0.000000,0.000000,0.000000,0.000000,1.000000>,<9.390000>,<MA_matrix_G1>,<1>,<228317>
<-524.043818,435.860177,33.589341>,<0.202584,-0.820035,0.535259,0.000000,0.481560,0.559360,0.674697,0.000000,-0.852678,0.121076,0.508214,0.000000,0.000000,0.000000,0.000000,1.000000>,<9.390000>,<MA_matrix_G1>,<1>,<230559>
<74.825664,554.017939,392.747057>,<-0.931596,0.069847,0.356722,0.000000,0.264567,0.803259,0.533647,0.000000,-0.249267,0.591520,-0.766792,0.000000,0.000000,0.000000,0.000000,1.000000>,<9.390000>,<MA_matrix_G1>,<1>,<230886>
<580.071819,171.548453,317.396332>,<-0.502198,0.823854,0.262798,0.000000,0.771984,0.290180,0.565542,0.000000,0.389665,0.486889,-0.781729,0.000000,0.000000,0.000000,0.000000,1.000000>,<9.390000>,<MA_matrix_G1>,<1>,<229800>
<71.964027,617.700022,281.840466>,<0.983663,0.133567,0.120692,0.000000,-0.072595,0.907830,-0.413007,0.000000,-0.164732,0.397499,0.902695,0.000000,0.000000,0.000000,0.000000,1.000000>,<9.390000>,<MA_matrix_G1>,<1>,<231187>
<171.031578,660.825518,-19.547079>,<-0.940213,0.089721,0.328557,0.000000,0.023557,0.979499,-0.200068,0.000000,-0.339772,-0.180366,-0.923051,0.000000,0.000000,0.000000,0.000000,1.000000>,<9.390000>,<MA_matrix_G1>,<1>,<231510>
<-363.039247,552.066617,-170.076470>,<-0.083688,-0.532808,0.842088,0.000000,-0.295111,0.820396,0.489755,0.000000,-0.951791,-0.207523,-0.225894,0.000000,0.000000,0.000000,0.000000,1.000000>,<9.390000>,<MA_matrix_G1>,<1>,<230951>
<154.873391,647.988031,-143.752778>,<0.974656,0.213559,0.066623,0.000000,-0.222956,0.951711,0.211037,0.000000,-0.018337,-0.220543,0.975205,0.000000,0.000000,0.000000,0.000000,1.000000>,<9.390000>,<MA_matrix_G1>,<1>,<231420>
<154.820233,618.308548,245.574493>,<0.499348,0.270704,-0.823025,0.000000,-0.457030,0.889321,0.015219,0.000000,0.736054,0.368548,0.567801,0.000000,0.000000,0.000000,0.000000,1.000000>,<9.390000>,<MA_matrix_G1>,<1>,<231192>
<240.742001,551.275429,-322.753095>,<0.851849,0.335630,-0.402126,0.000000,-0.036696,0.804083,0.593384,0.000000,0.522500,-0.490717,0.697274,0.000000,0.000000,0.000000,0.000000,1.000000>,<9.390000>,<MA_matrix_G1>,<1>,<230923>
<-526.715455,-1.141703,-434.864678>,<-0.488644,-0.808785,0.327253,0.000000,-0.458844,-0.080804,-0.884835,0.000000,0.742084,-0.582527,-0.331621,0.000000,0.000000,0.000000,0.000000,1.000000>,<9.390000>,<MA_matrix_G1>,<1>,<229447>
<195.697560,618.109264,-212.641868>,<0.715368,0.254200,0.650870,0.000000,-0.411438,0.906119,0.098322,0.000000,-0.564772,-0.338129,0.752796,0.000000,0.000000,0.000000,0.000000,1.000000>,<9.390000>,<MA_matrix_G1>,<1>,<231221>
<218.889691,634.680054,119.375563>,<-0.210092,0.318146,-0.924470,0.000000,-0.080070,0.936798,0.340585,0.000000,0.974397,0.145576,-0.171339,0.000000,0.000000,0.000000,0.000000,1.000000>,<9.390000>,<MA_matrix_G1>,<1>,<231300>
<373.500974,551.973443,149.487489>,<0.798741,0.554890,-0.232615,0.000000,-0.581329,0.811411,-0.060563,0.000000,0.155140,0.183600,0.970681,0.000000,0.000000,0.000000,0.000000,1.000000>,<9.390000>,<MA_matrix_G1>,<1>,<230902>
<303.400094,253.086687,-556.461267>,<-0.602558,0.372086,-0.706028,0.000000,0.796142,0.341784,-0.499341,0.000000,0.055511,-0.862980,-0.502178,0.000000,0.000000,0.000000,0.000000,1.000000>,<9.390000>,<MA_matrix_G1>,<1>,<230025>
<594.402127,84.305144,327.123266>,<-0.505496,0.847795,-0.160368,0.000000,0.272288,0.333109,0.902717,0.000000,0.818739,0.412653,-0.399230,0.000000,0.000000,0.000000,0.000000,1.000000>,<9.390000>,<MA_matrix_G1>,<1>,<229600>
<534.635999,-168.154109,-389.807336>,<0.703971,0.710102,-0.013406,0.000000,0.263448,-0.243550,0.933423,0.000000,0.659561,-0.660634,-0.358527,0.000000,0.000000,0.000000,0.000000,1.000000>,<9.390000>,<MA_matrix_G1>,<1>,<229018>
<421.386090,-288.342357,451.481353>,<-0.272814,0.625929,-0.730606,0.000000,-0.884473,-0.461970,-0.065513,0.000000,-0.378524,0.628328,0.679649,0.000000,0.000000,0.000000,0.000000,1.000000>,<9.390000>,<MA_matrix_G1>,<1>,<228695>
<-200.846586,616.044847,213.417796>,<-0.256001,-0.488777,-0.834003,0.000000,-0.433222,0.829272,-0.353025,0.000000,0.864165,0.270934,-0.424044,0.000000,0.000000,0.000000,0.000000,1.000000>,<9.390000>,<MA_matrix_G1>,<1>,<231271>
<-362.078775,435.741719,382.599967>,<0.845862,-0.497808,-0.191585,0.000000,0.187628,0.613905,-0.766757,0.000000,0.499313,0.612624,0.612682,0.000000,0.000000,0.000000,0.000000,1.000000>,<9.390000>,<MA_matrix_G1>,<1>,<230571>
<634.233625,-42.561029,-250.829513>,<0.433577,0.897590,-0.079643,0.000000,0.175581,0.002538,0.984462,0.000000,0.883845,-0.440824,-0.156499,0.000000,0.000000,0.000000,0.000000,1.000000>,<9.390000>,<MA_matrix_G1>,<1>,<229314>
<-280.936016,618.818223,72.487358>,<0.857086,-0.404529,-0.318999,0.000000,0.322407,0.904143,-0.280319,0.000000,0.401818,0.137410,0.905351,0.000000,0.000000,0.000000,0.000000,1.000000>,<9.390000>,<MA_matrix_G1>,<1>,<231262>
<76.414839,327.179684,594.798343>,<0.276890,0.213802,0.936814,0.000000,0.800636,0.487757,-0.347958,0.000000,-0.531332,0.846393,-0.036123,0.000000,0.000000,0.000000,0.000000,1.000000>,<9.390000>,<MA_matrix_G1>,<1>,<230185>
<-83.435031,-677.810190,-10.309211>,<-0.336118,-0.058319,-0.940013,0.000000,-0.057173,-0.994977,0.082172,0.000000,-0.940083,0.081363,0.331095,0.000000,0.000000,0.000000,0.000000,1.000000>,<9.390000>,<MA_matrix_G1>,<1>,<227156>
<-20.508607,678.328726,-81.725687>,<0.738215,-0.034376,0.673689,0.000000,-0.044197,0.994090,0.099154,0.000000,-0.673116,-0.102972,0.732333,0.000000,0.000000,0.000000,0.000000,1.000000>,<9.390000>,<MA_matrix_G1>,<1>,<231737>
<-323.224223,598.759415,-62.202054>,<-0.848871,-0.432412,-0.304035,0.000000,-0.345321,0.889111,-0.300392,0.000000,0.400214,-0.150004,-0.904062,0.000000,0.000000,0.000000,0.000000,1.000000>,<9.390000>,<MA_matrix_G1>,<1>,<231155>
<-186.708535,-649.365061,100.904100>,<0.337283,-0.210474,-0.917573,0.000000,-0.257174,-0.958212,0.125264,0.000000,-0.905595,0.193726,-0.377318,0.000000,0.000000,0.000000,0.000000,1.000000>,<9.390000>,<MA_matrix_G1>,<1>,<227466>
<628.336988,212.667123,-159.518004>,<-0.281199,0.904538,-0.320527,0.000000,0.959216,0.254896,-0.122197,0.000000,-0.028831,-0.341817,-0.939324,0.000000,0.000000,0.000000,0.000000,1.000000>,<9.390000>,<MA_matrix_G1>,<1>,<229912>
<-161.847238,661.786856,-42.179794>,<-0.867879,-0.202755,-0.453516,0.000000,-0.167676,0.978903,-0.116765,0.000000,0.467623,-0.025295,-0.883566,0.000000,0.000000,0.000000,0.000000,1.000000>,<9.390000>,<MA_matrix_G1>,<1>,<231554>
<-141.534864,597.897415,-297.955480>,<-0.822654,-0.183172,0.538226,0.000000,-0.429612,0.820340,-0.377459,0.000000,-0.372389,-0.541747,-0.753550,0.000000,0.000000,0.000000,0.000000,1.000000>,<9.390000>,<MA_matrix_G1>,<1>,<231140>
<463.047878,84.128968,496.800234>,<-0.655848,0.714142,0.244672,0.000000,0.559459,0.242213,0.792678,0.000000,0.506822,0.656760,-0.558388,0.000000,0.000000,0.000000,0.000000,1.000000>,<9.390000>,<MA_matrix_G1>,<1>,<229595>
<-125.743773,172.007282,-649.200177>,<-0.641759,-0.107911,-0.759277,0.000000,0.704396,0.308570,-0.639227,0.000000,0.303270,-0.945061,-0.122015,0.000000,0.000000,0.000000,0.000000,1.000000>,<9.390000>,<MA_matrix_G1>,<1>,<229836>
<266.771907,598.609507,193.401419>,<-0.099984,0.439445,0.892688,0.000000,0.188737,0.889271,-0.416624,0.000000,-0.976925,0.126827,-0.171852,0.000000,0.000000,0.000000,0.000000,1.000000>,<9.390000>,<MA_matrix_G1>,<1>,<231098>
<569.247474,211.846830,-312.667006>,<0.397531,0.804342,-0.441592,0.000000,0.414619,0.271863,0.868436,0.000000,0.818572,-0.528323,-0.225422,0.000000,0.000000,0.000000,0.000000,1.000000>,<9.390000>,<MA_matrix_G1>,<1>,<229916>
<-119.994007,600.818241,303.988348>,<0.712558,-0.171613,-0.680302,0.000000,-0.233607,0.856269,-0.460686,0.000000,0.661581,0.487189,0.570051,0.000000,0.000000,0.000000,0.000000,1.000000>,<9.390000>,<MA_matrix_G1>,<1>,<231177>
<-435.137602,2.822935,-526.124948>,<0.633484,-0.701960,0.325500,0.000000,-0.406571,0.055942,0.911905,0.000000,-0.658330,-0.710016,-0.249958,0.000000,0.000000,0.000000,0.000000,1.000000>,<9.390000>,<MA_matrix_G1>,<1>,<229444>
<542.042911,329.233675,-256.503846>,<0.595070,0.783495,-0.178962,0.000000,-0.441801,0.504926,0.741527,0.000000,0.671345,-0.362195,0.646615,0.000000,0.000000,0.000000,0.000000,1.000000>,<9.390000>,<MA_matrix_G1>,<1>,<230215>
<339.919580,-466.582476,362.406711>,<0.518011,0.589791,0.619525,0.000000,0.760491,-0.649101,-0.017932,0.000000,0.391558,0.480433,-0.784772,0.000000,0.000000,0.000000,0.000000,1.000000>,<9.390000>,<MA_matrix_G1>,<1>,<228195>
<-164.458646,648.242256,-135.714476>,<0.232165,-0.229518,0.945209,0.000000,-0.139097,0.953939,0.265803,0.000000,-0.962679,-0.193186,0.189546,0.000000,0.000000,0.000000,0.000000,1.000000>,<9.390000>,<MA_matrix_G1>,<1>,<231447>
<-270.781846,-250.097932,573.751101>,<-0.075896,-0.290615,0.953825,0.000000,0.898910,-0.433911,-0.060679,0.000000,0.431509,0.852798,0.294169,0.000000,0.000000,0.000000,0.000000,1.000000>,<9.390000>,<MA_matrix_G1>,<1>,<228876>
<36.545534,649.749506,-209.002502>,<-0.927626,0.037339,0.371640,0.000000,-0.079198,0.952704,-0.293399,0.000000,-0.365018,-0.301597,-0.880796,0.000000,0.000000,0.000000,0.000000,1.000000>,<9.390000>,<MA_matrix_G1>,<1>,<231430>
<346.204024,576.778906,110.415781>,<0.142831,0.528046,-0.837118,0.000000,-0.186022,0.845039,0.501303,0.000000,0.972109,0.084121,0.218926,0.000000,0.000000,0.000000,0.000000,1.000000>,<9.390000>,<MA_matrix_G1>,<1>,<231003>
<-234.465223,525.303480,-368.295417>,<0.227061,-0.427483,0.875044,0.000000,-0.521961,0.705145,0.479924,0.000000,-0.822192,-0.565711,-0.063018,0.000000,0.000000,0.000000,0.000000,1.000000>,<9.390000>,<MA_matrix_G1>,<1>,<230842>
<656.296663,168.333676,-81.740226>,<-0.432564,0.891530,0.134401,0.000000,0.420970,0.331535,-0.844316,0.000000,-0.797291,-0.308642,-0.518717,0.000000,0.000000,0.000000,0.000000,1.000000>,<9.390000>,<MA_matrix_G1>,<1>,<229810>
<-397.394052,550.378330,73.197437>,<0.267918,-0.539763,0.798045,0.000000,0.296077,0.834371,0.464934,0.000000,-0.916820,0.111719,0.383354,0.000000,0.000000,0.000000,0.000000,1.000000>,<9.390000>,<MA_matrix_G1>,<1>,<230961>
<107.451581,526.053432,-422.400543>,<0.681631,0.110965,0.723233,0.000000,-0.490060,0.803224,0.338633,0.000000,-0.543342,-0.585250,0.601882,0.000000,0.000000,0.000000,0.000000,1.000000>,<9.390000>,<MA_matrix_G1>,<1>,<230829>
<43.430190,-128.513624,-669.885835>,<-0.531684,-0.000529,0.846943,0.000000,-0.836635,-0.155212,-0.525310,0.000000,0.131734,-0.987881,0.082081,0.000000,0.000000,0.000000,0.000000,1.000000>,<9.390000>,<MA_matrix_G1>,<1>,<229132>
<466.651306,498.302410,27.812521>,<0.730075,0.679992,-0.067838,0.000000,-0.676266,0.733194,0.071356,0.000000,0.098260,-0.006219,0.995141,0.000000,0.000000,0.000000,0.000000,1.000000>,<9.390000>,<MA_matrix_G1>,<1>,<230707>
<558.409562,-251.847616,305.402983>,<0.540366,0.839603,-0.055422,0.000000,0.651658,-0.459254,-0.603678,0.000000,-0.532302,0.290091,-0.795299,0.000000,0.000000,0.000000,0.000000,1.000000>,<9.390000>,<MA_matrix_G1>,<1>,<228800>
<580.346157,-329.578118,-149.127088>,<0.109076,0.788194,-0.605683,0.000000,0.674039,-0.506486,-0.537720,0.000000,-0.730598,-0.349602,-0.586519,0.000000,0.000000,0.000000,0.000000,1.000000>,<9.390000>,<MA_matrix_G1>,<1>,<228612>
<1.173905,577.153994,-365.392169>,<0.588752,-0.026447,-0.807881,0.000000,0.457018,0.835268,0.305714,0.000000,0.666712,-0.549206,0.503853,0.000000,0.000000,0.000000,0.000000,1.000000>,<9.390000>,<MA_matrix_G1>,<1>,<231033>
<-176.976059,574.777159,323.543402>,<0.917245,-0.267705,-0.294951,0.000000,0.053390,0.816426,-0.574976,0.000000,0.394730,0.511646,0.763155,0.000000,0.000000,0.000000,0.000000,1.000000>,<9.390000>,<MA_matrix_G1>,<1>,<231075>
<-350.114668,327.848830,485.705610>,<-0.812682,-0.354934,0.462137,0.000000,0.181915,0.598909,0.779881,0.000000,-0.553584,0.717865,-0.422155,0.000000,0.000000,0.000000,0.000000,1.000000>,<9.390000>,<MA_matrix_G1>,<1>,<230273>
<-3.063825,-364.467519,-577.403747>,<0.456906,-0.010375,-0.889454,0.000000,0.734270,-0.560005,0.383721,0.000000,-0.502080,-0.828424,-0.248252,0.000000,0.000000,0.000000,0.000000,1.000000>,<9.390000>,<MA_matrix_G1>,<1>,<228533>
<-533.821722,403.861688,136.536557>,<-0.086488,-0.813505,-0.575090,0.000000,-0.476138,0.540811,-0.693409,0.000000,0.875107,0.213851,-0.434114,0.000000,0.000000,0.000000,0.000000,1.000000>,<9.390000>,<MA_matrix_G1>,<1>,<230462>
<73.069196,-552.600999,393.998085>,<-0.953305,0.282847,-0.105864,0.000000,-0.289060,-0.752998,0.591133,0.000000,0.087485,0.594131,0.799597,0.000000,0.000000,0.000000,0.000000,1.000000>,<9.390000>,<MA_matrix_G1>,<1>,<227886>
<618.141072,-0.243106,-292.066822>,<-0.172756,0.924096,-0.340884,0.000000,0.931711,0.041060,-0.360872,0.000000,-0.319484,-0.379948,-0.868084,0.000000,0.000000,0.000000,0.000000,1.000000>,<9.390000>,<MA_matrix_G1>,<1>,<229415>
<526.638539,399.348729,-168.232467>,<-0.092864,0.659456,-0.745986,0.000000,0.650486,0.607412,0.455981,0.000000,0.753820,-0.442909,-0.485373,0.000000,0.000000,0.000000,0.000000,1.000000>,<9.390000>,<MA_matrix_G1>,<1>,<230413>
<171.292526,-43.991409,-659.808313>,<0.703347,0.153878,0.693992,0.000000,-0.700730,-0.014037,0.713288,0.000000,0.119501,-0.987990,0.097954,0.000000,0.000000,0.000000,0.000000,1.000000>,<9.390000>,<MA_matrix_G1>,<1>,<229329>
<112.783977,326.984151,589.408597>,<0.968825,0.218516,0.116746,0.000000,-0.004053,0.485145,-0.874424,0.000000,-0.247714,0.846691,0.470906,0.000000,0.000000,0.000000,0.000000,1.000000>,<9.390000>,<MA_matrix_G1>,<1>,<230186>
<-149.126330,635.449666,-201.762207>,<0.649266,-0.251844,-0.717654,0.000000,0.415445,0.907813,0.057281,0.000000,0.637070,-0.335337,0.694040,0.000000,0.000000,0.000000,0.000000,1.000000>,<9.390000>,<MA_matrix_G1>,<1>,<231343>
<500.147140,-289.241518,363.857098>,<0.255708,0.797309,0.546729,0.000000,0.732044,-0.529072,0.429179,0.000000,0.631447,0.290485,-0.718953,0.000000,0.000000,0.000000,0.000000,1.000000>,<9.390000>,<MA_matrix_G1>,<1>,<228698>
<-397.916615,-84.649681,548.809998>,<-0.153880,-0.545975,0.823549,0.000000,0.985622,-0.025950,0.166960,0.000000,-0.069785,0.837400,0.542118,0.000000,0.000000,0.000000,0.000000,1.000000>,<9.390000>,<MA_matrix_G1>,<1>,<229273>
<-363.152395,-85.697191,-573.001241>,<0.133236,-0.557157,-0.819649,0.000000,0.975462,-0.072543,0.207875,0.000000,-0.175279,-0.827232,0.533820,0.000000,0.000000,0.000000,0.000000,1.000000>,<9.390000>,<MA_matrix_G1>,<1>,<229242>
<-19.651530,617.302357,291.897572>,<0.955914,0.011710,0.293412,0.000000,0.113655,0.906572,-0.406461,0.000000,-0.270759,0.421890,0.865274,0.000000,0.000000,0.000000,0.000000,1.000000>,<9.390000>,<MA_matrix_G1>,<1>,<231282>
<233.325533,-401.866773,498.698597>,<0.840185,0.366190,-0.399993,0.000000,-0.118805,-0.595379,-0.794613,0.000000,-0.529126,0.715143,-0.456723,0.000000,0.000000,0.000000,0.000000,1.000000>,<9.390000>,<MA_matrix_G1>,<1>,<228390>
<-216.766891,575.363502,297.859645>,<-0.604868,-0.207036,-0.768941,0.000000,-0.515061,0.838150,0.179489,0.000000,0.607328,0.504619,-0.613607,0.000000,0.000000,0.000000,0.000000,1.000000>,<9.390000>,<MA_matrix_G1>,<1>,<231073>
<660.729098,44.428149,-170.424507>,<-0.035893,0.935128,0.352487,0.000000,-0.980719,0.034839,-0.192291,0.000000,-0.192097,-0.352592,0.915848,0.000000,0.000000,0.000000,0.000000,1.000000>,<9.390000>,<MA_matrix_G1>,<1>,<229512>
<-164.189678,649.070221,133.766621>,<-0.284740,-0.271445,0.919370,0.000000,0.248975,0.905216,0.344377,0.000000,-0.925707,0.326958,-0.190168,0.000000,0.000000,0.000000,0.000000,1.000000>,<9.390000>,<MA_matrix_G1>,<1>,<231469>
<577.064099,366.761909,0.324377>,<-0.111768,0.902587,0.415745,0.000000,0.248015,0.430464,-0.867865,0.000000,-0.962287,0.006112,-0.271967,0.000000,0.000000,0.000000,0.000000,1.000000>,<9.390000>,<MA_matrix_G1>,<1>,<230308>
<493.924727,84.936927,-464.584292>,<-0.198739,0.604031,0.771784,0.000000,-0.947379,0.083239,-0.309102,0.000000,-0.250949,-0.792602,0.555703,0.000000,0.000000,0.000000,0.000000,1.000000>,<9.390000>,<MA_matrix_G1>,<1>,<229620>
<604.314174,211.745473,239.448900>,<-0.204661,0.877849,-0.433007,0.000000,-0.491958,0.290188,0.820834,0.000000,0.846221,0.381014,0.372475,0.000000,0.000000,0.000000,0.000000,1.000000>,<9.390000>,<MA_matrix_G1>,<1>,<229902>
