<-263.022623,-4.810631,-865.693719>,<0.732284,-0.672548,-0.106956,0.000000,-0.680722,-0.718420,-0.143140,0.000000,0.019429,0.177627,-0.983906,0.000000,0.000000,0.000000,0.000000,1.000000>,<168.750000>,<plv_Polio>,<0>,<6505>
<1598.318213,535.640015,-532.498744>,<-0.741617,0.000000,0.670824,0.000000,0.000000,1.000000,0.000000,0.000000,-0.670824,0.000000,-0.741617,0.000000,0.000000,0.000000,0.000000,1.000000>,<25.000000>,<snake>,<0>,<18237>
<1575.381716,707.926003,-189.591134>,<0.456854,-0.684958,-0.567554,0.000000,-0.684958,0.136204,-0.715738,0.000000,0.567554,0.715738,-0.406942,0.000000,0.000000,0.000000,0.000000,1.000000>,<25.000000>,<snake>,<0>,<29577>
<1528.402827,603.250324,-274.929734>,<0.987138,-0.148654,-0.058832,0.000000,-0.148654,-0.718044,-0.679937,0.000000,0.058832,0.679937,-0.730906,0.000000,0.000000,0.000000,0.000000,1.000000>,<25.000000>,<snake>,<0>,<25736>
<1535.998439,543.947516,-403.312598>,<-0.339662,0.926820,0.160106,0.000000,0.926820,0.358796,-0.110767,0.000000,-0.160106,0.110767,-0.980865,0.000000,0.000000,0.000000,0.000000,1.000000>,<25.000000>,<snake>,<0>,<21956>
<-895.273234,-272.649994,263.384851>,<-0.576198,0.000000,0.817310,0.000000,0.000000,1.000000,0.000000,0.000000,-0.817310,0.000000,-0.576198,0.000000,0.000000,0.000000,0.000000,1.000000>,<25.000000>,<snake>,<0>,<43394>
<-1623.555713,391.282403,-985.037210>,<-0.133048,-0.592597,0.794435,0.000000,-0.592597,0.690065,0.415498,0.000000,-0.794435,-0.415498,-0.442983,0.000000,0.000000,0.000000,0.000000,1.000000>,<25.000000>,<snake>,<0>,<3121>
<-1514.221412,478.079543,-1025.646454>,<0.511894,-0.545824,0.663355,0.000000,-0.545824,0.389632,0.741797,0.000000,-0.663355,-0.741797,-0.098474,0.000000,0.000000,0.000000,0.000000,1.000000>,<25.000000>,<snake>,<0>,<1383>
<-1414.328143,588.942380,-1040.821614>,<0.501232,-0.549365,0.668555,0.000000,-0.549365,0.394907,0.736374,0.000000,-0.668555,-0.736374,-0.103862,0.000000,0.000000,0.000000,0.000000,1.000000>,<25.000000>,<snake>,<0>,<1505>
<-1319.027107,693.567184,-1014.764668>,<0.750184,-0.273257,0.602126,0.000000,-0.273257,0.701104,0.658623,0.000000,-0.602126,-0.658623,0.451288,0.000000,0.000000,0.000000,0.000000,1.000000>,<25.000000>,<snake>,<0>,<3487>
<-1243.572741,779.138689,-922.620576>,<0.908197,-0.109621,0.403933,0.000000,-0.109621,0.869103,0.482330,0.000000,-0.403933,-0.482330,0.777300,0.000000,0.000000,0.000000,0.000000,1.000000>,<25.000000>,<snake>,<0>,<5408>
<-1149.134597,831.462996,-828.969931>,<0.502887,-0.125160,0.855243,0.000000,-0.125160,0.968488,0.215327,0.000000,-0.855243,-0.215327,0.471375,0.000000,0.000000,0.000000,0.000000,1.000000>,<25.000000>,<snake>,<0>,<9190>
<-1051.667528,837.814598,-727.144865>,<0.895340,0.030772,0.444318,0.000000,0.030772,0.990952,-0.130639,0.000000,-0.444318,0.130639,0.886293,0.000000,0.000000,0.000000,0.000000,1.000000>,<25.000000>,<snake>,<0>,<12911>
<-1005.374434,791.587663,-596.409963>,<0.983896,0.045234,0.172923,0.000000,0.045234,0.872943,-0.485720,0.000000,-0.172923,0.485720,0.856839,0.000000,0.000000,0.000000,0.000000,1.000000>,<25.000000>,<snake>,<0>,<16572>
<-993.906184,759.551598,-457.290823>,<0.999800,0.000587,-0.020013,0.000000,0.000587,0.998283,0.058573,0.000000,0.020013,-0.058573,0.998083,0.000000,0.000000,0.000000,0.000000,1.000000>,<25.000000>,<snake>,<0>,<20292>
<-996.590004,774.482307,-308.188042>,<0.999875,0.001114,-0.015771,0.000000,0.001114,0.990080,0.140504,0.000000,0.015771,-0.140504,0.989955,0.000000,0.000000,0.000000,0.000000,1.000000>,<25.000000>,<snake>,<0>,<25872>
<-958.258044,781.261615,-170.306130>,<0.849830,0.014284,0.526864,0.000000,0.014284,0.998641,-0.050113,0.000000,-0.526864,0.050113,0.848471,0.000000,0.000000,0.000000,0.000000,1.000000>,<25.000000>,<snake>,<0>,<29593>
<-886.852599,766.432639,-39.697450>,<0.904488,0.033156,0.425209,0.000000,0.033156,0.988490,-0.147607,0.000000,-0.425209,0.147607,0.892978,0.000000,0.000000,0.000000,0.000000,1.000000>,<25.000000>,<snake>,<0>,<33314>
<-797.513003,741.405865,73.426101>,<0.636772,0.088240,0.765986,0.000000,0.088240,0.978564,-0.186083,0.000000,-0.765986,0.186083,0.615336,0.000000,0.000000,0.000000,0.000000,1.000000>,<25.000000>,<snake>,<0>,<37036>
<-697.350693,745.556356,178.506039>,<0.818369,-0.076996,0.569511,0.000000,-0.076996,0.967361,0.241423,0.000000,-0.569511,-0.241423,0.785730,0.000000,0.000000,0.000000,0.000000,1.000000>,<25.000000>,<snake>,<0>,<40757>
<-588.097385,764.779769,272.021728>,<0.461298,-0.009040,0.887199,0.000000,-0.009040,0.999848,0.014889,0.000000,-0.887199,-0.014889,0.461146,0.000000,0.000000,0.000000,0.000000,1.000000>,<25.000000>,<snake>,<0>,<44479>
<-487.370402,737.093746,366.829365>,<0.884757,0.097093,0.455827,0.000000,0.097093,0.918199,-0.384036,0.000000,-0.455827,0.384036,0.802956,0.000000,0.000000,0.000000,0.000000,1.000000>,<25.000000>,<snake>,<0>,<48141>
<-442.338782,679.101284,495.281197>,<0.989052,0.029468,0.144595,0.000000,0.029468,0.920683,-0.389197,0.000000,-0.144595,0.389197,0.909735,0.000000,0.000000,0.000000,0.000000,1.000000>,<25.000000>,<snake>,<0>,<51802>
<-432.408553,612.736827,628.643563>,<0.999920,-0.003234,-0.012192,0.000000,-0.003234,0.868509,-0.495662,0.000000,0.012192,0.495662,0.868430,0.000000,0.000000,0.000000,0.000000,1.000000>,<25.000000>,<snake>,<0>,<55462>
<-468.998860,546.047446,752.776719>,<0.873357,-0.104772,-0.475679,0.000000,-0.104772,0.913322,-0.393529,0.000000,0.475679,0.393529,0.786679,0.000000,0.000000,0.000000,0.000000,1.000000>,<25.000000>,<snake>,<0>,<59121>
<-564.583684,493.503151,850.579244>,<0.579493,-0.161647,-0.798785,0.000000,-0.161647,0.937861,-0.307061,0.000000,0.798785,0.307061,0.517355,0.000000,0.000000,0.000000,0.000000,1.000000>,<25.000000>,<snake>,<0>,<62780>
<-684.671948,460.624130,933.043532>,<0.593070,-0.066601,-0.802392,0.000000,-0.066601,0.989099,-0.131326,0.000000,0.802392,0.131326,0.582169,0.000000,0.000000,0.000000,0.000000,1.000000>,<25.000000>,<snake>,<0>,<64638>
<-807.310493,475.315095,1010.196852>,<0.520555,0.188375,-0.832789,0.000000,0.188375,0.925987,0.327205,0.000000,0.832789,-0.327205,0.446542,0.000000,0.000000,0.000000,0.000000,1.000000>,<25.000000>,<snake>,<0>,<68355>
<-942.143444,515.811500,1032.179219>,<-0.099978,0.242509,-0.964984,0.000000,0.242509,0.946535,0.212747,0.000000,0.964984,-0.212747,-0.153444,0.000000,0.000000,0.000000,0.000000,1.000000>,<25.000000>,<snake>,<0>,<68413>
<-1079.641423,498.190620,1004.657449>,<0.041326,-0.494275,-0.868323,0.000000,-0.494275,0.745160,-0.447692,0.000000,0.868323,0.447692,-0.213513,0.000000,0.000000,0.000000,0.000000,1.000000>,<25.000000>,<snake>,<0>,<68351>
<-1191.915917,426.931713,944.125245>,<0.027534,-0.777184,-0.628671,0.000000,-0.777184,0.378883,-0.502427,0.000000,0.628671,0.502427,-0.593583,0.000000,0.000000,0.000000,0.000000,1.000000>,<25.000000>,<snake>,<0>,<66429>
<-1286.926390,340.758069,868.254252>,<0.300278,-0.708954,-0.638136,0.000000,-0.708954,0.281692,-0.646555,0.000000,0.638136,0.646555,-0.418031,0.000000,0.000000,0.000000,0.000000,1.000000>,<25.000000>,<snake>,<0>,<62647>
<-1400.040326,257.448975,849.339390>,<0.350689,-0.346453,-0.870050,0.000000,-0.346453,0.815143,-0.464233,0.000000,0.870050,0.464233,0.165832,0.000000,0.000000,0.000000,0.000000,1.000000>,<25.000000>,<snake>,<0>,<62525>
<-1492.053848,154.306712,877.289325>,<0.894514,-0.269334,-0.356797,0.000000,-0.269334,0.312319,-0.910997,0.000000,0.356797,0.910997,0.206833,0.000000,0.000000,0.000000,0.000000,1.000000>,<25.000000>,<snake>,<0>,<62404>
<-1567.660179,32.504570,912.274507>,<0.663255,-0.368669,-0.651288,0.000000,-0.368669,0.596380,-0.713031,0.000000,0.651288,0.713031,0.259636,0.000000,0.000000,0.000000,0.000000,1.000000>,<25.000000>,<snake>,<0>,<64142>
<-1632.585723,-94.132289,935.509157>,<0.956234,-0.199137,-0.214386,0.000000,-0.199137,0.093926,-0.975460,0.000000,0.214386,0.975460,0.050160,0.000000,0.000000,0.000000,0.000000,1.000000>,<25.000000>,<snake>,<0>,<64021>
<-1654.040778,-235.911153,909.480482>,<0.991476,-0.108799,-0.071681,0.000000,-0.108799,-0.388685,-0.914925,0.000000,0.071681,0.914925,-0.397209,0.000000,0.000000,0.000000,0.000000,1.000000>,<25.000000>,<snake>,<0>,<63901>
<-1616.810651,-357.163663,847.449168>,<0.433951,0.699263,0.568083,0.000000,0.699263,0.136173,-0.701775,0.000000,-0.568083,0.701775,-0.429876,0.000000,0.000000,0.000000,0.000000,1.000000>,<25.000000>,<snake>,<0>,<61921>
<-1525.082819,-439.567272,766.982083>,<-0.201649,0.728266,0.654955,0.000000,0.728266,0.558630,-0.396939,0.000000,-0.654955,0.396939,-0.643019,0.000000,0.000000,0.000000,0.000000,1.000000>,<25.000000>,<snake>,<0>,<58083>
<-1425.170453,-472.203576,663.645898>,<-0.729291,0.097575,0.677210,0.000000,0.097575,0.994494,-0.038211,0.000000,-0.677210,0.038211,-0.734797,0.000000,0.000000,0.000000,0.000000,1.000000>,<25.000000>,<snake>,<0>,<56225>
<-1311.377827,-486.467673,569.474081>,<-0.472626,0.266426,0.840025,0.000000,0.266426,0.951798,-0.151977,0.000000,-0.840025,0.151977,-0.520827,0.000000,0.000000,0.000000,0.000000,1.000000>,<25.000000>,<snake>,<0>,<52447>
<-1194.982406,-476.315546,482.352580>,<-0.410944,-0.569476,0.711914,0.000000,-0.569476,0.770151,0.287338,0.000000,-0.711914,-0.287338,-0.640793,0.000000,0.000000,0.000000,0.000000,1.000000>,<25.000000>,<snake>,<0>,<50589>
<-1090.474221,-401.751131,420.087343>,<0.426984,-0.594310,0.681529,0.000000,-0.594310,0.383606,0.706854,0.000000,-0.681529,-0.706854,-0.189410,0.000000,0.000000,0.000000,0.000000,1.000000>,<25.000000>,<snake>,<0>,<46991>
<-997.965536,-310.693539,356.240632>,<0.099091,-0.827988,0.551921,0.000000,-0.827988,0.239030,0.507247,0.000000,-0.551921,-0.507247,-0.661879,0.000000,0.000000,0.000000,0.000000,1.000000>,<25.000000>,<snake>,<0>,<45192>
<-1022.907479,73.760002,177.543448>,<-0.201446,0.000000,0.979500,0.000000,0.000000,1.000000,0.000000,0.000000,-0.979500,0.000000,-0.201446,0.000000,0.000000,0.000000,0.000000,1.000000>,<25.000000>,<snake>,<0>,<40032>
<244.413036,784.436416,382.158365>,<0.830031,-0.270624,-0.487659,0.000000,-0.270624,0.569114,-0.776449,0.000000,0.487659,0.776449,0.399145,0.000000,0.000000,0.000000,0.000000,1.000000>,<25.000000>,<snake>,<0>,<48214>
<145.072588,698.352536,442.256895>,<0.500510,-0.221631,-0.836881,0.000000,-0.221631,0.901659,-0.371336,0.000000,0.836881,0.371336,0.402169,0.000000,0.000000,0.000000,0.000000,1.000000>,<25.000000>,<snake>,<0>,<50012>
<23.160274,624.945463,479.581586>,<0.432296,-0.437269,-0.788617,0.000000,-0.437269,0.663198,-0.607425,0.000000,0.788617,0.607425,0.095494,0.000000,0.000000,0.000000,0.000000,1.000000>,<25.000000>,<snake>,<0>,<49950>
<-106.909479,555.702304,480.928479>,<0.030589,-0.323754,-0.945647,0.000000,-0.323754,0.891876,-0.315818,0.000000,0.945647,0.315818,-0.077535,0.000000,0.000000,0.000000,0.000000,1.000000>,<25.000000>,<snake>,<0>,<51688>
<-250.000822,552.189962,478.245948>,<0.111221,0.248451,-0.962238,0.000000,0.248451,0.930547,0.268986,0.000000,0.962238,-0.268986,0.041768,0.000000,0.000000,0.000000,0.000000,1.000000>,<25.000000>,<snake>,<0>,<49825>
<-393.149129,596.583756,481.795736>,<0.109270,0.303933,-0.946406,0.000000,0.303933,0.896292,0.322931,0.000000,0.946406,-0.322931,0.005563,0.000000,0.000000,0.000000,0.000000,1.000000>,<25.000000>,<snake>,<0>,<51743>
<-518.206995,668.571661,461.747230>,<0.285009,0.631572,-0.721032,0.000000,0.631572,0.442115,0.636908,0.000000,0.721032,-0.636908,-0.272876,0.000000,0.000000,0.000000,0.000000,1.000000>,<25.000000>,<snake>,<0>,<49940>
<-636.967575,754.301014,441.112304>,<0.254511,0.437513,-0.862442,0.000000,0.437513,0.743233,0.506150,0.000000,0.862442,-0.506150,-0.002256,0.000000,0.000000,0.000000,0.000000,1.000000>,<25.000000>,<snake>,<0>,<50058>
<-767.077374,818.484468,466.570291>,<0.432805,0.227325,-0.872355,0.000000,0.227325,0.908891,0.349629,0.000000,0.872355,-0.349629,0.341696,0.000000,0.000000,0.000000,0.000000,1.000000>,<25.000000>,<snake>,<0>,<50116>
<-897.918142,821.075563,520.261027>,<0.446424,-0.199981,-0.872189,0.000000,-0.199981,0.927756,-0.315081,0.000000,0.872189,0.315081,0.374180,0.000000,0.000000,0.000000,0.000000,1.000000>,<25.000000>,<snake>,<0>,<51974>
<-1031.864981,817.799137,570.995183>,<0.358834,0.190430,-0.913769,0.000000,0.190430,0.943441,0.271396,0.000000,0.913769,-0.271396,0.302275,0.000000,0.000000,0.000000,0.000000,1.000000>,<25.000000>,<snake>,<0>,<53832>
<-1175.125917,833.520139,589.281902>,<-0.054398,-0.065380,-0.996377,0.000000,-0.065380,0.995946,-0.061782,0.000000,0.996377,0.061782,-0.058452,0.000000,0.000000,0.000000,0.000000,1.000000>,<25.000000>,<snake>,<0>,<53829>
<-1303.755132,793.363283,546.716994>,<-0.052107,-0.693386,-0.718680,0.000000,-0.693386,0.543027,-0.473643,0.000000,0.718680,0.473643,-0.509080,0.000000,0.000000,0.000000,0.000000,1.000000>,<25.000000>,<snake>,<0>,<53767>
<-1388.292071,699.909590,472.060057>,<0.675160,-0.614251,-0.408480,0.000000,-0.614251,-0.161506,-0.772407,0.000000,0.408480,0.772407,-0.486346,0.000000,0.000000,0.000000,0.000000,1.000000>,<25.000000>,<snake>,<0>,<49985>
<-1434.400201,569.376877,424.882198>,<0.950359,-0.232939,-0.206296,0.000000,-0.232939,-0.093051,-0.968029,0.000000,0.206296,0.968029,-0.142692,0.000000,0.000000,0.000000,0.000000,1.000000>,<25.000000>,<snake>,<0>,<49865>
<-1467.985481,439.660493,369.070572>,<0.853649,-0.461472,-0.241508,0.000000,-0.461472,-0.455112,-0.761522,0.000000,0.241508,0.761522,-0.601463,0.000000,0.000000,0.000000,0.000000,1.000000>,<25.000000>,<snake>,<0>,<47824>
<-1461.708005,336.463502,270.049143>,<0.623866,0.710655,0.325208,0.000000,0.710655,-0.342689,-0.614438,0.000000,-0.325208,0.614438,-0.718823,0.000000,0.000000,0.000000,0.000000,1.000000>,<25.000000>,<snake>,<0>,<44044>
<-1405.560020,222.948412,207.809362>,<0.798310,0.428261,0.423432,0.000000,0.428261,0.090650,-0.899097,0.000000,-0.423432,0.899097,-0.111041,0.000000,0.000000,0.000000,0.000000,1.000000>,<25.000000>,<snake>,<0>,<42065>
<-1309.461051,117.423310,205.320633>,<0.317191,0.404251,0.857888,0.000000,0.404251,0.760667,-0.507904,0.000000,-0.857888,0.507904,0.077858,0.000000,0.000000,0.000000,0.000000,1.000000>,<25.000000>,<snake>,<0>,<41947>
<-1170.744713,76.545241,201.905935>,<-0.121814,0.042010,0.991663,0.000000,0.042010,0.998427,-0.037137,0.000000,-0.991663,0.037137,-0.123387,0.000000,0.000000,0.000000,0.000000,1.000000>,<25.000000>,<snake>,<0>,<41889>
<970.301295,-214.914993,644.523024>,<-0.269440,0.000000,-0.963017,0.000000,0.000000,1.000000,0.000000,0.000000,0.963017,0.000000,-0.269440,0.000000,0.000000,0.000000,0.000000,1.000000>,<25.000000>,<snake>,<0>,<54646>
<1571.296354,-773.263614,464.207625>,<0.809526,0.366087,-0.458963,0.000000,0.366087,0.296388,0.882119,0.000000,0.458963,-0.882119,0.105914,0.000000,0.000000,0.000000,0.000000,1.000000>,<25.000000>,<snake>,<0>,<48477>
<1500.844921,-643.462772,488.782752>,<0.811113,0.333650,-0.480389,0.000000,0.333650,0.410641,0.848558,0.000000,0.480389,-0.848558,0.221754,0.000000,0.000000,0.000000,0.000000,1.000000>,<25.000000>,<snake>,<0>,<50515>
<1417.848759,-540.323102,548.530768>,<0.750992,0.209408,-0.626227,0.000000,0.209408,0.823894,0.526637,0.000000,0.626227,-0.526637,0.574886,0.000000,0.000000,0.000000,0.000000,1.000000>,<25.000000>,<snake>,<0>,<52434>
<1325.698448,-448.466870,620.665484>,<0.738311,0.303245,-0.602444,0.000000,0.303245,0.648599,0.698113,0.000000,0.602444,-0.698113,0.386910,0.000000,0.000000,0.000000,0.000000,1.000000>,<25.000000>,<snake>,<0>,<54412>
<1221.305609,-350.794085,657.798177>,<0.437600,0.430417,-0.789460,0.000000,0.430417,0.670592,0.604191,0.000000,0.789460,-0.604191,0.108192,0.000000,0.000000,0.000000,0.000000,1.000000>,<25.000000>,<snake>,<0>,<56391>
<1102.311835,-260.197368,665.321814>,<0.359549,0.485096,-0.797123,0.000000,0.485096,0.632574,0.603765,0.000000,0.797123,-0.603765,-0.007877,0.000000,0.000000,0.000000,0.000000,1.000000>,<25.000000>,<snake>,<0>,<56449>
<-1415.691845,914.579538,502.554228>,<0.502193,-0.304688,-0.809301,0.000000,-0.710260,-0.679186,-0.185033,0.000000,-0.493288,0.667736,-0.557490,0.000000,0.000000,0.000000,0.000000,1.000000>,<187.760000>,<iIgM_Antibody_5mer>,<0>,<52025>
<600.324696,-637.307234,433.677205>,<-0.524842,-0.382176,-0.760580,0.000000,-0.802206,0.520856,0.291847,0.000000,0.284615,0.763315,-0.579951,0.000000,0.000000,0.000000,0.000000,1.000000>,<187.760000>,<iIgM_Antibody_5mer>,<0>,<48640>
<-824.094509,-616.428959,415.624399>,<0.824012,-0.489745,0.284876,0.000000,-0.558046,-0.614649,0.557488,0.000000,-0.097928,-0.618350,-0.779778,0.000000,0.000000,0.000000,0.000000,1.000000>,<187.760000>,<iIgM_Antibody_5mer>,<0>,<46755>
<1659.239834,-505.667059,-1049.573864>,<-0.180291,0.775599,0.604931,0.000000,-0.258226,-0.630759,0.731753,0.000000,0.949112,-0.024281,0.314000,0.000000,0.000000,0.000000,0.000000,1.000000>,<187.760000>,<iIgM_Antibody_5mer>,<0>,<418>
<784.259506,-718.385431,-367.217825>,<0.850300,0.210382,0.482420,0.000000,0.222100,-0.974449,0.033488,0.000000,0.477138,0.078671,-0.875300,0.000000,0.000000,0.000000,0.000000,1.000000>,<187.760000>,<iIgM_Antibody_5mer>,<0>,<22483>
<-314.010107,430.739970,-923.448662>,<0.062927,-0.856679,-0.511997,0.000000,-0.694174,-0.406158,0.594271,0.000000,-0.717051,0.318019,-0.620243,0.000000,0.000000,0.000000,0.000000,1.000000>,<187.760000>,<iIgM_Antibody_5mer>,<0>,<5064>
<271.785538,-774.606487,-544.792301>,<0.886957,0.460756,0.031802,0.000000,-0.461853,0.884832,0.061355,0.000000,0.000130,-0.069107,0.997609,0.000000,0.000000,0.000000,0.000000,1.000000>,<187.760000>,<iIgM_Antibody_5mer>,<0>,<16834>
<-1346.328537,-111.682466,634.779077>,<-0.110528,0.678699,0.726052,0.000000,0.889510,-0.258322,0.376885,0.000000,0.443347,0.687487,-0.575157,0.000000,0.000000,0.000000,0.000000,1.000000>,<187.760000>,<iIgM_Antibody_5mer>,<0>,<54726>
<77.564090,252.646369,933.904542>,<-0.916732,-0.358004,-0.177300,0.000000,-0.163436,-0.068887,0.984146,0.000000,-0.364542,0.931175,0.004640,0.000000,0.000000,0.000000,0.000000,1.000000>,<187.760000>,<iIgM_Antibody_5mer>,<0>,<64411>
<1523.314474,376.383852,623.887017>,<-0.212655,-0.044301,0.976122,0.000000,0.966173,-0.158694,0.203286,0.000000,0.145899,0.986334,0.076549,0.000000,0.000000,0.000000,0.000000,1.000000>,<187.760000>,<iIgM_Antibody_5mer>,<0>,<55256>
<1724.130734,-852.316006,1086.067600>,<0.830793,-0.392199,0.394921,0.000000,-0.263519,-0.902156,-0.341574,0.000000,0.490245,0.179708,-0.852857,0.000000,0.000000,0.000000,0.000000,1.000000>,<187.760000>,<iIgM_Antibody_5mer>,<0>,<68879>
<-638.906218,-403.692469,785.192675>,<-0.205070,-0.589441,0.781349,0.000000,-0.762820,0.596437,0.249738,0.000000,-0.613231,-0.544814,-0.571949,0.000000,0.000000,0.000000,0.000000,1.000000>,<187.760000>,<iIgM_Antibody_5mer>,<0>,<60018>
<-49.680281,634.252891,993.264042>,<-0.848929,-0.444536,0.285844,0.000000,-0.386904,0.891179,0.236866,0.000000,-0.360034,0.090488,-0.928541,0.000000,0.000000,0.000000,0.000000,1.000000>,<187.760000>,<iIgM_Antibody_5mer>,<0>,<68549>
<321.473076,783.640266,-870.276169>,<0.108975,-0.647521,0.754216,0.000000,-0.052903,0.753881,0.654878,0.000000,-0.992636,-0.111265,0.047899,0.000000,0.000000,0.000000,0.000000,1.000000>,<187.760000>,<iIgM_Antibody_5mer>,<0>,<7295>
<1282.849158,372.481465,-315.477558>,<-0.802190,-0.335478,-0.493908,0.000000,-0.558704,0.130027,0.819111,0.000000,-0.210572,0.933031,-0.291739,0.000000,0.000000,0.000000,0.000000,1.000000>,<110.750000>,<iLDL>,<0>,<25492>
<-1520.646824,644.569396,788.356730>,<0.244917,0.949814,0.194601,0.000000,-0.939568,0.182991,0.289355,0.000000,0.239223,-0.253709,0.937232,0.000000,0.000000,0.000000,0.000000,1.000000>,<110.750000>,<iLDL>,<0>,<61083>
<-1038.098684,360.618030,562.999571>,<0.231493,0.798281,0.556020,0.000000,0.685380,-0.539445,0.489135,0.000000,0.690409,0.267854,-0.672004,0.000000,0.000000,0.000000,0.000000,1.000000>,<110.750000>,<iLDL>,<0>,<53352>
<-1621.070533,126.947886,-189.762451>,<0.936126,0.250387,0.246931,0.000000,-0.340937,0.818308,0.462747,0.000000,-0.086200,-0.517377,0.851405,0.000000,0.000000,0.000000,0.000000,1.000000>,<110.750000>,<iLDL>,<0>,<28921>
<1602.030313,881.434253,-302.917683>,<-0.604587,-0.659970,0.445997,0.000000,-0.474346,-0.151503,-0.867204,0.000000,0.639899,-0.735857,-0.221457,0.000000,0.000000,0.000000,0.000000,1.000000>,<110.750000>,<iLDL>,<0>,<26037>
<-668.407513,58.811571,-373.363233>,<0.351356,0.705027,0.616024,0.000000,-0.069568,-0.636496,0.768136,0.000000,0.933654,-0.312745,-0.174590,0.000000,0.000000,0.000000,0.000000,1.000000>,<110.750000>,<iLDL>,<0>,<23298>
<1348.664975,-444.240201,674.367638>,<0.810224,0.099982,0.577530,0.000000,-0.389810,0.827757,0.403567,0.000000,-0.437705,-0.552107,0.709642,0.000000,0.000000,0.000000,0.000000,1.000000>,<110.750000>,<iLDL>,<0>,<56273>
<673.373883,-779.958431,512.932724>,<0.553700,0.205662,-0.806920,0.000000,0.783803,0.198501,0.588430,0.000000,0.281192,-0.958280,-0.051289,0.000000,0.000000,0.000000,0.000000,1.000000>,<110.750000>,<iLDL>,<0>,<50321>
<-837.723851,301.242303,-63.437722>,<0.969869,-0.171851,-0.172690,0.000000,0.224721,0.904819,0.361668,0.000000,0.094100,-0.389577,0.916174,0.000000,0.000000,0.000000,0.000000,1.000000>,<110.750000>,<iLDL>,<0>,<32835>
<-1437.526433,535.792277,-364.474374>,<-0.843137,-0.030578,0.536829,0.000000,-0.081583,0.994098,-0.071508,0.000000,-0.531474,-0.104087,-0.840655,0.000000,0.000000,0.000000,0.000000,1.000000>,<110.750000>,<iLDL>,<0>,<23765>
<-82.822569,378.338477,710.730703>,<-0.603651,-0.063029,-0.794753,0.000000,-0.292322,0.944940,0.147092,0.000000,0.741723,0.321116,-0.588839,0.000000,0.000000,0.000000,0.000000,1.000000>,<117.750000>,<dLDL>,<0>,<58948>
<836.359880,586.801664,1070.232787>,<0.534466,0.833217,-0.141762,0.000000,0.228382,0.019114,0.973384,0.000000,0.813749,-0.552616,-0.180076,0.000000,0.000000,0.000000,0.000000,1.000000>,<117.750000>,<dLDL>,<0>,<70364>
<1226.064534,271.561034,215.986821>,<0.016354,0.544332,-0.838710,0.000000,0.908989,0.341322,0.239246,0.000000,0.416499,-0.766291,-0.489210,0.000000,0.000000,0.000000,0.000000,1.000000>,<117.750000>,<dLDL>,<0>,<42111>
<-269.694495,824.672803,-11.994339>,<0.954312,-0.298422,0.015224,0.000000,0.072547,0.181969,-0.980624,0.000000,0.289870,0.936927,0.195305,0.000000,0.000000,0.000000,0.000000,1.000000>,<117.750000>,<dLDL>,<0>,<35245>
<-470.376622,-34.796993,694.135875>,<-0.512883,-0.141042,0.846793,0.000000,-0.762832,0.527316,-0.374200,0.000000,-0.393750,-0.837881,-0.378043,0.000000,0.000000,0.000000,0.000000,1.000000>,<117.750000>,<dLDL>,<0>,<56661>
<446.959865,-441.754378,376.685119>,<0.213601,-0.095303,-0.972261,0.000000,-0.162757,0.977849,-0.131608,0.000000,0.963268,0.186354,0.193358,0.000000,0.000000,0.000000,0.000000,1.000000>,<117.750000>,<dLDL>,<0>,<46957>
<-828.152986,34.786570,-627.740817>,<-0.690578,-0.346618,0.634790,0.000000,0.721429,-0.392504,0.570509,0.000000,0.051409,0.851937,0.521115,0.000000,0.000000,0.000000,0.000000,1.000000>,<117.750000>,<dLDL>,<0>,<13935>
<-1005.751148,-565.099717,-63.683207>,<-0.027483,-0.912741,-0.407614,0.000000,-0.526657,0.359805,-0.770177,0.000000,0.849633,0.193506,-0.490590,0.000000,0.000000,0.000000,0.000000,1.000000>,<117.750000>,<dLDL>,<0>,<31932>
<1354.984726,204.911821,389.553865>,<-0.402698,0.777236,-0.483464,0.000000,0.901341,0.244716,-0.357350,0.000000,-0.159434,-0.579670,-0.799101,0.000000,0.000000,0.000000,0.000000,1.000000>,<117.750000>,<dLDL>,<0>,<47633>
<-786.288953,-724.253606,-720.829673>,<-0.159094,-0.933000,0.322800,0.000000,-0.736490,0.329903,0.590547,0.000000,-0.657473,-0.143786,-0.739631,0.000000,0.000000,0.000000,0.000000,1.000000>,<117.750000>,<dLDL>,<0>,<11296>
<1612.947902,-153.734514,-314.702952>,<-0.230249,-0.002501,0.973128,0.000000,-0.449856,0.887006,-0.104160,0.000000,-0.862911,-0.461751,-0.205358,0.000000,0.000000,0.000000,0.000000,1.000000>,<14.570000>,<Fibrinogen>,<0>,<24957>
<546.133066,331.326810,333.860902>,<0.062322,0.825454,-0.561018,0.000000,0.994286,-0.100160,-0.036917,0.000000,-0.086665,-0.555512,-0.826980,0.000000,0.000000,0.000000,0.000000,1.000000>,<14.570000>,<Fibrinogen>,<0>,<45939>
<976.024805,879.275681,752.907315>,<-0.657754,-0.739828,0.141467,0.000000,0.112480,0.089233,0.989639,0.000000,-0.744787,0.666852,0.024523,0.000000,0.000000,0.000000,0.000000,1.000000>,<14.570000>,<Fibrinogen>,<0>,<59506>
<1265.506931,26.263546,-709.423242>,<0.777797,0.626388,-0.051671,0.000000,-0.153501,0.269038,0.950819,0.000000,0.609483,-0.731612,0.305408,0.000000,0.000000,0.000000,0.000000,1.000000>,<14.570000>,<Fibrinogen>,<0>,<12111>
<-1050.466304,755.263946,763.340693>,<0.812208,0.179224,-0.555155,0.000000,-0.519420,0.655377,-0.548347,0.000000,0.265559,0.733730,0.625395,0.000000,0.000000,0.000000,0.000000,1.000000>,<14.570000>,<Fibrinogen>,<0>,<59351>
<-1718.618681,313.325070,344.706865>,<-0.015395,-0.193623,0.980955,0.000000,-0.335886,0.925061,0.177319,0.000000,-0.941777,-0.326759,-0.079277,0.000000,0.000000,0.000000,0.000000,1.000000>,<14.570000>,<Fibrinogen>,<0>,<45840>
<-1176.737643,329.886876,-823.037022>,<0.211326,0.120615,0.969945,0.000000,-0.188850,0.978696,-0.080558,0.000000,-0.958998,-0.166150,0.229602,0.000000,0.000000,0.000000,0.000000,1.000000>,<14.570000>,<Fibrinogen>,<0>,<8649>
<1703.975150,520.426564,-934.404344>,<0.252331,-0.843760,0.473706,0.000000,-0.905199,-0.378837,-0.192604,0.000000,0.341969,-0.380198,-0.859364,0.000000,0.000000,0.000000,0.000000,1.000000>,<14.570000>,<Fibrinogen>,<0>,<5219>
<-1019.099082,-733.028380,-569.128612>,<0.877743,-0.065577,-0.474623,0.000000,-0.404494,-0.632368,-0.660678,0.000000,-0.256811,0.771888,-0.581582,0.000000,0.000000,0.000000,0.000000,1.000000>,<14.570000>,<Fibrinogen>,<0>,<15012>
<1518.463148,548.003726,-876.216746>,<-0.103957,0.324336,-0.940212,0.000000,-0.602997,0.731223,0.318915,0.000000,0.790941,0.600099,0.119558,0.000000,0.000000,0.000000,0.000000,1.000000>,<14.570000>,<Fibrinogen>,<0>,<7076>
<950.550584,124.865441,7.061485>,<-0.994680,-0.098429,-0.030384,0.000000,-0.071971,0.875057,-0.478639,0.000000,0.073699,-0.473906,-0.877486,0.000000,0.000000,0.000000,0.000000,1.000000>,<14.570000>,<Fibrinogen>,<0>,<34546>
<1655.534360,-726.833240,-753.631923>,<0.835364,-0.493828,0.241457,0.000000,-0.079017,0.326816,0.941779,0.000000,-0.543989,-0.805807,0.233990,0.000000,0.000000,0.000000,0.000000,1.000000>,<14.570000>,<Fibrinogen>,<0>,<9478>
<1719.681600,230.124981,-612.137419>,<0.411595,0.627624,-0.660815,0.000000,-0.910414,0.250018,-0.329601,0.000000,-0.041650,0.737278,0.674304,0.000000,0.000000,0.000000,0.000000,1.000000>,<14.570000>,<Fibrinogen>,<0>,<16079>
<-649.298299,827.345762,-2.631600>,<0.107316,-0.225446,-0.968327,0.000000,-0.957833,0.237653,-0.161484,0.000000,0.266531,0.944826,-0.190435,0.000000,0.000000,0.000000,0.000000,1.000000>,<14.570000>,<Fibrinogen>,<0>,<35238>
<-91.218624,-871.150260,916.464999>,<0.497101,0.510826,-0.701390,0.000000,0.708708,-0.705409,-0.011466,0.000000,-0.500624,-0.491381,-0.712685,0.000000,0.000000,0.000000,0.000000,1.000000>,<14.570000>,<Fibrinogen>,<0>,<63268>
<1177.315935,-562.748659,116.511229>,<0.399077,-0.597696,0.695340,0.000000,0.260635,-0.653118,-0.710990,0.000000,0.879095,0.464969,-0.104863,0.000000,0.000000,0.000000,0.000000,1.000000>,<14.570000>,<Fibrinogen>,<0>,<37550>
<-1207.518264,-478.568484,570.369224>,<-0.512615,0.102303,0.852502,0.000000,-0.049294,0.987732,-0.148171,0.000000,-0.857203,-0.117978,-0.501283,0.000000,0.000000,0.000000,0.000000,1.000000>,<14.570000>,<Fibrinogen>,<0>,<52509>
<-1508.683460,-273.337772,-209.042794>,<-0.259428,0.932292,-0.252048,0.000000,-0.960527,-0.276218,-0.033042,0.000000,-0.100425,0.233526,0.967151,0.000000,0.000000,0.000000,0.000000,1.000000>,<14.570000>,<Fibrinogen>,<0>,<26643>
<944.623266,526.275243,863.424214>,<-0.924346,-0.323460,-0.202380,0.000000,-0.345536,0.484673,0.803553,0.000000,-0.161829,0.812690,-0.559773,0.000000,0.000000,0.000000,0.000000,1.000000>,<14.570000>,<Fibrinogen>,<0>,<62866>
<-426.759285,846.611081,1086.068924>,<-0.883446,0.219031,-0.414185,0.000000,-0.468431,-0.431423,0.771004,0.000000,-0.009815,0.875157,0.483739,0.000000,0.000000,0.000000,0.000000,1.000000>,<14.570000>,<Fibrinogen>,<0>,<70582>
<724.211226,74.704410,-749.073310>,<-0.660114,-0.595229,-0.458204,0.000000,0.535931,0.054214,-0.842519,0.000000,0.526333,-0.801725,0.283214,0.000000,0.000000,0.000000,0.000000,1.000000>,<14.570000>,<Fibrinogen>,<0>,<10302>
<325.085050,78.285613,691.254603>,<0.851272,-0.027386,0.524009,0.000000,0.523849,-0.013305,-0.851707,0.000000,0.030297,0.999536,0.003020,0.000000,0.000000,0.000000,0.000000,1.000000>,<14.570000>,<Fibrinogen>,<0>,<56795>
<1074.713185,766.831677,58.979200>,<0.908847,0.300405,0.289401,0.000000,-0.198890,-0.297766,0.933691,0.000000,0.366659,-0.906141,-0.210876,0.000000,0.000000,0.000000,0.000000,1.000000>,<14.570000>,<Fibrinogen>,<0>,<37068>
<-1156.946957,-858.191413,-1062.154254>,<0.494362,0.734806,-0.464399,0.000000,0.625504,0.070272,0.777050,0.000000,0.603615,-0.674628,-0.424884,0.000000,0.000000,0.000000,0.000000,1.000000>,<14.570000>,<Fibrinogen>,<0>,<9>
<-280.818006,-289.492947,-1063.690182>,<-0.812753,-0.381614,0.440230,0.000000,0.367702,0.250126,0.895674,0.000000,-0.451915,0.889836,-0.062970,0.000000,0.000000,0.000000,0.000000,1.000000>,<14.570000>,<Fibrinogen>,<0>,<624>
<690.636090,826.212179,977.341348>,<0.026497,-0.506622,0.861761,0.000000,-0.213769,-0.844994,-0.490192,0.000000,0.976525,-0.171229,-0.130690,0.000000,0.000000,0.000000,0.000000,1.000000>,<14.570000>,<Fibrinogen>,<0>,<66881>
<-1112.615376,-117.592709,144.950919>,<-0.924432,-0.369497,0.094324,0.000000,0.043271,0.144113,0.988615,0.000000,-0.378883,0.917989,-0.117234,0.000000,0.000000,0.000000,0.000000,1.000000>,<14.570000>,<Fibrinogen>,<0>,<39850>
<-1421.615996,-734.367695,1097.637747>,<-0.716599,0.697474,-0.004078,0.000000,-0.680734,-0.700650,-0.213755,0.000000,-0.151946,-0.150401,0.976879,0.000000,0.000000,0.000000,0.000000,1.000000>,<14.570000>,<Fibrinogen>,<0>,<68945>
<837.610701,316.531203,-373.125932>,<-0.408212,-0.912868,0.005917,0.000000,-0.506911,0.221278,-0.833113,0.000000,0.759213,-0.343086,-0.553071,0.000000,0.000000,0.000000,0.000000,1.000000>,<14.570000>,<Fibrinogen>,<0>,<23564>
<1652.627970,-155.109331,-774.050926>,<0.962411,0.254032,0.096085,0.000000,-0.261385,0.962423,0.073624,0.000000,-0.073771,-0.095972,0.992647,0.000000,0.000000,0.000000,0.000000,1.000000>,<14.570000>,<Fibrinogen>,<0>,<10078>
<363.570250,765.529230,719.564492>,<-0.136880,-0.470627,0.871650,0.000000,0.160463,0.857777,0.488334,0.000000,-0.977505,0.206711,-0.041894,0.000000,0.000000,0.000000,0.000000,1.000000>,<14.570000>,<Fibrinogen>,<0>,<59376>
<1150.047498,853.723894,-163.104524>,<-0.039112,0.824643,-0.564299,0.000000,-0.780416,0.327473,0.532646,0.000000,0.624036,0.461222,0.630757,0.000000,0.000000,0.000000,0.000000,1.000000>,<14.570000>,<Fibrinogen>,<0>,<29749>
<-38.513801,879.350222,-20.136122>,<0.380448,0.256106,0.888633,0.000000,0.404062,-0.910355,0.089377,0.000000,0.831861,0.325060,-0.449825,0.000000,0.000000,0.000000,0.000000,1.000000>,<14.570000>,<Fibrinogen>,<0>,<35309>
<1331.124663,-279.807372,-83.967410>,<0.907955,-0.349268,-0.231579,0.000000,0.324235,0.235387,0.916223,0.000000,-0.265497,-0.906975,0.326966,0.000000,0.000000,0.000000,0.000000,1.000000>,<14.570000>,<Fibrinogen>,<0>,<32273>
<1016.124355,27.256462,-367.356006>,<0.925530,0.047429,0.375692,0.000000,-0.374818,-0.026473,0.926720,0.000000,0.053899,-0.998524,-0.006724,0.000000,0.000000,0.000000,0.000000,1.000000>,<14.570000>,<Fibrinogen>,<0>,<23267>
<-1363.992974,-75.826442,-594.570800>,<0.097582,-0.500998,0.859930,0.000000,-0.440105,-0.796700,-0.414218,0.000000,0.892629,-0.338039,-0.298235,0.000000,0.000000,0.000000,0.000000,1.000000>,<14.570000>,<Fibrinogen>,<0>,<15666>
<1233.066877,-41.093279,561.449601>,<-0.514016,-0.029339,-0.857278,0.000000,0.267318,0.944165,-0.192595,0.000000,0.815063,-0.328163,-0.477474,0.000000,0.000000,0.000000,0.000000,1.000000>,<14.570000>,<Fibrinogen>,<0>,<52971>
<666.487226,19.152907,380.324582>,<0.272750,-0.512380,-0.814294,0.000000,0.495864,-0.650439,0.575368,0.000000,-0.824455,-0.560710,0.076663,0.000000,0.000000,0.000000,0.000000,1.000000>,<14.570000>,<Fibrinogen>,<0>,<47441>
<-69.336105,706.316960,704.152338>,<0.898555,0.277672,-0.339848,0.000000,0.423426,-0.344966,0.837681,0.000000,0.115364,-0.896603,-0.427545,0.000000,0.000000,0.000000,0.000000,1.000000>,<14.570000>,<Fibrinogen>,<0>,<57448>
<689.050214,733.592587,439.454956>,<-0.182979,0.398742,-0.898623,0.000000,0.222989,-0.873399,-0.432955,0.000000,-0.957494,-0.279605,0.070898,0.000000,0.000000,0.000000,0.000000,1.000000>,<14.570000>,<Fibrinogen>,<0>,<50021>
<696.867660,856.481402,-316.312885>,<-0.447420,0.723343,-0.525919,0.000000,-0.888774,-0.425046,0.171513,0.000000,-0.099477,0.544161,0.833062,0.000000,0.000000,0.000000,0.000000,1.000000>,<14.570000>,<Fibrinogen>,<0>,<26021>
<-1068.094872,-332.119372,-703.738692>,<0.517218,0.252621,0.817721,0.000000,0.211506,-0.963538,0.163889,0.000000,0.829307,0.088187,-0.551790,0.000000,0.000000,0.000000,0.000000,1.000000>,<14.570000>,<Fibrinogen>,<0>,<11711>
<-1264.377409,-689.287462,-764.055338>,<0.458668,0.397649,0.794669,0.000000,0.109076,0.862328,-0.494462,0.000000,-0.881888,0.313473,0.352148,0.000000,0.000000,0.000000,0.000000,1.000000>,<14.570000>,<Fibrinogen>,<0>,<9488>
<-1480.402317,383.602130,-385.416249>,<-0.518090,-0.755401,-0.401188,0.000000,0.169484,-0.550413,0.817509,0.000000,-0.838366,0.355549,0.413192,0.000000,0.000000,0.000000,0.000000,1.000000>,<14.570000>,<Fibrinogen>,<0>,<21784>
<1655.434170,-87.007760,-769.206019>,<-0.264170,-0.719847,-0.641899,0.000000,-0.961161,0.251626,0.113378,0.000000,0.079903,0.646919,-0.758361,0.000000,0.000000,0.000000,0.000000,1.000000>,<14.570000>,<Fibrinogen>,<0>,<10138>
<-336.670379,689.258781,-702.405142>,<0.713898,-0.622111,0.321446,0.000000,-0.081937,-0.530104,-0.843964,0.000000,0.695439,0.576167,-0.429414,0.000000,0.000000,0.000000,0.000000,1.000000>,<14.570000>,<Fibrinogen>,<0>,<12803>
<-1054.882445,332.892887,-446.124894>,<0.740446,0.650669,-0.168431,0.000000,-0.527524,0.717896,0.454251,0.000000,0.416483,-0.247497,0.874807,0.000000,0.000000,0.000000,0.000000,1.000000>,<14.570000>,<Fibrinogen>,<0>,<19811>
<1185.521526,150.513420,-645.955073>,<0.684782,-0.421132,0.594745,0.000000,0.722627,0.497952,-0.479430,0.000000,-0.094251,0.758084,0.645310,0.000000,0.000000,0.000000,0.000000,1.000000>,<14.570000>,<Fibrinogen>,<0>,<14090>
<323.554596,626.019804,1046.092229>,<-0.725924,0.657259,0.202595,0.000000,0.575232,0.741673,-0.345007,0.000000,-0.377018,-0.133910,-0.916475,0.000000,0.000000,0.000000,0.000000,1.000000>,<14.570000>,<Fibrinogen>,<0>,<68495>
<1292.898639,-554.124350,730.492373>,<-0.823684,0.421678,0.379120,0.000000,0.130337,-0.509895,0.850306,0.000000,0.551867,0.749796,0.365032,0.000000,0.000000,0.000000,0.000000,1.000000>,<14.570000>,<Fibrinogen>,<0>,<58012>
<1305.952279,575.651496,598.777772>,<0.850304,0.524212,0.046749,0.000000,0.312621,-0.431631,-0.846146,0.000000,-0.423381,0.734096,-0.530897,0.000000,0.000000,0.000000,0.000000,1.000000>,<14.570000>,<Fibrinogen>,<0>,<53632>
<-367.814734,590.966666,271.805715>,<-0.605391,0.792657,-0.072090,0.000000,0.791586,0.590165,-0.158419,0.000000,-0.083027,-0.152971,-0.984737,0.000000,0.000000,0.000000,0.000000,1.000000>,<14.570000>,<Fibrinogen>,<0>,<44303>
<-1470.225473,-499.638975,-543.816072>,<0.349956,0.122443,-0.928730,0.000000,0.747213,0.561458,0.355580,0.000000,0.564980,-0.818397,0.104995,0.000000,0.000000,0.000000,0.000000,1.000000>,<14.570000>,<Fibrinogen>,<0>,<17104>
<-1477.093739,181.867815,460.566135>,<0.426727,-0.898833,-0.100022,0.000000,0.854626,0.364599,0.369706,0.000000,-0.295836,-0.243245,0.923749,0.000000,0.000000,0.000000,0.000000,1.000000>,<14.570000>,<Fibrinogen>,<0>,<49444>
<1313.278710,-479.049062,382.066884>,<0.352305,0.256092,0.900166,0.000000,0.875930,0.248497,-0.413516,0.000000,-0.329586,0.934166,-0.136772,0.000000,0.000000,0.000000,0.000000,1.000000>,<14.570000>,<Fibrinogen>,<0>,<46972>
<-434.111408,-487.482323,282.153985>,<0.518879,-0.449266,0.727272,0.000000,-0.467403,0.563228,0.681402,0.000000,-0.715751,-0.693494,0.082259,0.000000,0.000000,0.000000,0.000000,1.000000>,<14.570000>,<Fibrinogen>,<0>,<43162>
<-897.498486,-519.094167,977.417791>,<-0.601846,0.431300,0.672133,0.000000,-0.392076,0.573642,-0.719174,0.000000,-0.695743,-0.696359,-0.176142,0.000000,0.000000,0.000000,0.000000,1.000000>,<14.570000>,<Fibrinogen>,<0>,<65474>
<451.163774,409.889261,-596.722907>,<0.140843,-0.174888,0.974463,0.000000,-0.586989,-0.807364,-0.060059,0.000000,0.797250,-0.563540,-0.216369,0.000000,0.000000,0.000000,0.000000,1.000000>,<14.570000>,<Fibrinogen>,<0>,<16237>
<-1289.126652,900.866956,1042.089326>,<-0.299503,0.666824,0.682381,0.000000,-0.945544,-0.111905,-0.305655,0.000000,-0.127456,-0.736766,0.664027,0.000000,0.000000,0.000000,0.000000,1.000000>,<14.570000>,<Fibrinogen>,<0>,<68767>
<-1172.979003,-877.396802,766.979665>,<-0.833078,-0.511404,-0.210824,0.000000,0.550799,-0.731781,-0.401394,0.000000,0.050998,-0.450514,0.891312,0.000000,0.000000,0.000000,0.000000,1.000000>,<14.570000>,<Fibrinogen>,<0>,<59529>
<600.865625,-409.957684,566.411982>,<0.042217,0.865261,-0.499541,0.000000,-0.491288,0.453341,0.743719,0.000000,0.869973,0.214021,0.444231,0.000000,0.000000,0.000000,0.000000,1.000000>,<14.570000>,<Fibrinogen>,<0>,<52600>
<-834.673118,799.560370,745.193998>,<0.235789,0.971222,-0.033624,0.000000,0.923288,-0.213088,0.319582,0.000000,0.303221,-0.106398,-0.946962,0.000000,0.000000,0.000000,0.000000,1.000000>,<14.570000>,<Fibrinogen>,<0>,<59415>
<943.960965,-102.865312,-1049.307078>,<-0.548652,-0.801924,-0.236429,0.000000,-0.448621,0.521018,-0.726140,0.000000,0.705493,-0.292330,-0.645618,0.000000,0.000000,0.000000,0.000000,1.000000>,<14.570000>,<Fibrinogen>,<0>,<826>
<-1115.462312,235.010539,714.812737>,<-0.783496,-0.519259,-0.341327,0.000000,0.457156,-0.853711,0.249373,0.000000,-0.420884,0.039343,0.906261,0.000000,0.000000,0.000000,0.000000,1.000000>,<14.570000>,<Fibrinogen>,<0>,<58810>
<1022.588682,-271.429037,-484.215829>,<0.704984,-0.391275,-0.591525,0.000000,-0.684776,-0.158430,-0.711324,0.000000,0.184608,0.906534,-0.379626,0.000000,0.000000,0.000000,0.000000,1.000000>,<14.570000>,<Fibrinogen>,<0>,<19247>
<70.234785,675.719161,-391.156095>,<0.644667,0.609169,-0.461862,0.000000,-0.753378,0.403747,-0.519047,0.000000,-0.129713,0.682570,0.719217,0.000000,0.000000,0.000000,0.000000,1.000000>,<14.570000>,<Fibrinogen>,<0>,<22051>
<916.682478,-368.808793,-525.347568>,<-0.229117,0.943054,-0.241151,0.000000,0.313688,-0.162991,-0.935432,0.000000,-0.921469,-0.289970,-0.258481,0.000000,0.000000,0.000000,0.000000,1.000000>,<14.570000>,<Fibrinogen>,<0>,<17265>
<-881.800471,359.320140,630.800587>,<0.121170,-0.268002,-0.955768,0.000000,0.899407,-0.377746,0.219946,0.000000,-0.419983,-0.886275,0.195271,0.000000,0.000000,0.000000,0.000000,1.000000>,<14.570000>,<Fibrinogen>,<0>,<55214>
<836.079989,706.418274,-310.353917>,<0.030770,-0.561704,0.826766,0.000000,-0.262456,-0.802673,-0.535567,0.000000,0.964453,-0.200510,-0.172120,0.000000,0.000000,0.000000,0.000000,1.000000>,<14.570000>,<Fibrinogen>,<0>,<25844>
<-1304.101462,-518.883630,815.934056>,<-0.212856,-0.500992,0.838868,0.000000,0.714177,-0.665691,-0.216350,0.000000,0.666816,0.553048,0.499494,0.000000,0.000000,0.000000,0.000000,1.000000>,<14.570000>,<Fibrinogen>,<0>,<59887>
<916.703172,-694.566403,101.951943>,<0.619617,-0.564213,-0.545654,0.000000,0.400648,-0.370447,0.838004,0.000000,-0.674949,-0.737857,-0.003484,0.000000,0.000000,0.000000,0.000000,1.000000>,<14.570000>,<Fibrinogen>,<0>,<37425>
<-110.058871,-683.681701,-283.512031>,<0.538628,0.832327,-0.130811,0.000000,-0.830256,0.550755,0.085696,0.000000,0.143372,0.062448,0.987697,0.000000,0.000000,0.000000,0.000000,1.000000>,<14.570000>,<Fibrinogen>,<0>,<24388>
<1073.870908,-395.355847,232.389300>,<-0.508764,0.860776,0.014987,0.000000,0.849913,0.499418,0.168015,0.000000,0.137139,0.098218,-0.985670,0.000000,0.000000,0.000000,0.000000,1.000000>,<14.570000>,<Fibrinogen>,<0>,<41448>
<686.951926,-859.319381,-435.101044>,<-0.200685,-0.977817,0.059992,0.000000,-0.572784,0.067436,-0.816928,0.000000,0.794761,-0.198308,-0.573611,0.000000,0.000000,0.000000,0.000000,1.000000>,<14.570000>,<Fibrinogen>,<0>,<18641>
