<492.815115,431.412348,-198.370917>,<0.127044,0.674342,-0.727409,0.000000,0.168316,0.708059,0.685800,0.000000,0.977512,-0.209561,-0.023548,0.000000,0.000000,0.000000,0.000000,1.000000>,<9.390000>,<MA_matrix_G1>,<1>,<27922>
<209.847380,-366.160423,-535.513496>,<-0.604409,0.201787,0.770696,0.000000,-0.705098,-0.585804,-0.399587,0.000000,0.370845,-0.784930,0.496345,0.000000,0.000000,0.000000,0.000000,1.000000>,<9.390000>,<MA_matrix_G1>,<1>,<25935>
<-655.750201,-82.651255,168.820775>,<0.076617,-0.953031,0.293022,0.000000,0.797136,-0.117983,-0.592161,0.000000,0.598919,0.278948,0.750656,0.000000,0.000000,0.000000,0.000000,1.000000>,<9.390000>,<MA_matrix_G1>,<1>,<26670>
<-116.940787,291.345803,605.790504>,<-0.346830,-0.157145,0.924670,0.000000,0.825038,0.417803,0.380464,0.000000,-0.446118,0.894844,-0.015256,0.000000,0.000000,0.000000,0.000000,1.000000>,<9.390000>,<MA_matrix_G1>,<1>,<27588>
<157.779865,293.652053,-596.201127>,<0.486217,0.100826,-0.868002,0.000000,0.778535,0.401110,0.482694,0.000000,0.396833,-0.910464,0.116530,0.000000,0.000000,0.000000,0.000000,1.000000>,<9.390000>,<MA_matrix_G1>,<1>,<27537>
<456.456267,496.002504,-117.783642>,<0.755824,0.654645,0.013013,0.000000,-0.633808,0.726489,0.265518,0.000000,0.164367,-0.208933,0.964018,0.000000,0.000000,0.000000,0.000000,1.000000>,<9.390000>,<MA_matrix_G1>,<1>,<28120>
<-41.844851,1.500256,-683.341090>,<-0.525910,0.010182,-0.850479,0.000000,0.848384,-0.064868,-0.525391,0.000000,-0.060518,-0.997842,0.025477,0.000000,0.000000,0.000000,0.000000,1.000000>,<9.390000>,<MA_matrix_G1>,<1>,<26842>
<-466.554024,370.896920,-334.541744>,<-0.475381,-0.724247,0.499479,0.000000,-0.818507,0.572251,0.050750,0.000000,-0.322583,-0.384701,-0.864838,0.000000,0.000000,0.000000,0.000000,1.000000>,<9.390000>,<MA_matrix_G1>,<1>,<27756>
<85.515360,663.451455,139.603330>,<0.807411,0.146611,-0.571483,0.000000,-0.239181,0.966805,-0.089895,0.000000,0.539333,0.209270,0.815675,0.000000,0.000000,0.000000,0.000000,1.000000>,<9.390000>,<MA_matrix_G1>,<1>,<28900>
<-157.691417,-598.181551,-291.934490>,<0.345029,-0.235096,0.908672,0.000000,-0.607417,-0.793983,0.025217,0.000000,0.715542,-0.560643,-0.416748,0.000000,0.000000,0.000000,0.000000,1.000000>,<9.390000>,<MA_matrix_G1>,<1>,<25149>
<-40.841126,667.944294,127.092286>,<0.571324,-0.029029,0.820211,0.000000,0.165251,0.982976,-0.080318,0.000000,-0.803916,0.181428,0.566394,0.000000,0.000000,0.000000,0.000000,1.000000>,<9.390000>,<MA_matrix_G1>,<1>,<29086>
<-50.142517,659.410772,-164.352823>,<0.979284,-0.087985,0.182375,0.000000,0.042360,0.969751,0.240393,0.000000,-0.198010,-0.227687,0.953389,0.000000,0.000000,0.000000,0.000000,1.000000>,<9.390000>,<MA_matrix_G1>,<1>,<28945>
<378.607513,497.887152,278.300771>,<0.284458,0.588325,0.756939,0.000000,0.242161,0.719859,-0.650509,0.000000,-0.927600,0.368344,0.062300,0.000000,0.000000,0.000000,0.000000,1.000000>,<9.390000>,<MA_matrix_G1>,<1>,<28106>
<196.403325,551.292426,-351.275027>,<-0.183443,0.242756,0.952585,0.000000,-0.463090,0.833429,-0.301569,0.000000,-0.867119,-0.496454,-0.040469,0.000000,0.000000,0.000000,0.000000,1.000000>,<9.390000>,<MA_matrix_G1>,<1>,<28333>
<326.051295,399.876505,446.122806>,<-0.211503,0.572366,-0.792252,0.000000,-0.531495,0.612906,0.584687,0.000000,0.820231,0.544741,0.174578,0.000000,0.000000,0.000000,0.000000,1.000000>,<9.390000>,<MA_matrix_G1>,<1>,<27801>
<435.707227,472.960330,233.735423>,<-0.535607,0.542104,-0.647494,0.000000,0.055302,0.787619,0.613676,0.000000,0.842655,0.292882,-0.451833,0.000000,0.000000,0.000000,0.000000,1.000000>,<9.390000>,<MA_matrix_G1>,<1>,<28008>
<110.701360,-325.328431,-591.418082>,<-0.748526,0.046765,-0.661454,0.000000,0.539745,-0.536497,-0.648727,0.000000,-0.385206,-0.842606,0.376341,0.000000,0.000000,0.000000,0.000000,1.000000>,<9.390000>,<MA_matrix_G1>,<1>,<26038>
<168.361512,550.583517,366.334856>,<-0.717961,0.218983,0.660741,0.000000,0.519631,0.800204,0.299427,0.000000,-0.463158,0.558319,-0.688306,0.000000,0.000000,0.000000,0.000000,1.000000>,<9.390000>,<MA_matrix_G1>,<1>,<28298>
<-3.636394,683.980445,-40.862405>,<0.731390,-0.014294,0.681810,0.000000,-0.017610,0.999051,0.039834,0.000000,-0.681732,-0.041141,0.730444,0.000000,0.000000,0.000000,0.000000,1.000000>,<9.390000>,<MA_matrix_G1>,<1>,<29243>
<134.507006,-660.995789,-99.576899>,<-0.651911,0.251910,-0.715229,0.000000,-0.088379,-0.962020,-0.258277,0.000000,-0.753127,-0.105162,0.649415,0.000000,0.000000,0.000000,0.000000,1.000000>,<9.390000>,<MA_matrix_G1>,<1>,<24726>
<-54.696973,616.667925,-286.496060>,<0.626770,-0.068715,0.776169,0.000000,-0.318557,0.886461,0.335720,0.000000,-0.711112,-0.457673,0.533718,0.000000,0.000000,0.000000,0.000000,1.000000>,<9.390000>,<MA_matrix_G1>,<1>,<28644>
<-659.275434,-38.123349,-171.372169>,<0.007728,-0.980105,-0.198328,0.000000,0.927372,-0.067167,0.368061,0.000000,-0.374060,-0.186768,0.908404,0.000000,0.000000,0.000000,0.000000,1.000000>,<9.390000>,<MA_matrix_G1>,<1>,<26762>
<151.341857,499.304079,-439.499966>,<-0.837038,0.230003,0.496453,0.000000,-0.213483,0.698146,-0.683387,0.000000,-0.503777,-0.678005,-0.535273,0.000000,0.000000,0.000000,0.000000,1.000000>,<9.390000>,<MA_matrix_G1>,<1>,<28136>
<616.065041,-84.132600,-281.092995>,<-0.372315,0.769127,-0.519447,0.000000,0.601913,-0.225922,-0.765937,0.000000,-0.706457,-0.597832,-0.378834,0.000000,0.000000,0.000000,0.000000,1.000000>,<9.390000>,<MA_matrix_G1>,<1>,<26623>
<353.550500,167.159066,558.511689>,<0.815433,0.567129,-0.115904,0.000000,-0.297161,0.238303,-0.924612,0.000000,-0.496754,0.788401,0.362849,0.000000,0.000000,0.000000,0.000000,1.000000>,<9.390000>,<MA_matrix_G1>,<1>,<27200>
<-105.736651,632.611156,-229.902154>,<0.385234,-0.187016,-0.903670,0.000000,0.368891,0.928815,-0.034961,0.000000,0.845881,-0.319887,0.426800,0.000000,0.000000,0.000000,0.000000,1.000000>,<9.390000>,<MA_matrix_G1>,<1>,<28748>
<84.210928,-125.275809,-666.080037>,<-0.765275,0.055093,-0.641341,0.000000,0.620912,-0.199592,-0.758044,0.000000,-0.169769,-0.978329,0.118535,0.000000,0.000000,0.000000,0.000000,1.000000>,<9.390000>,<MA_matrix_G1>,<1>,<26539>
<555.230032,-368.042640,-144.830163>,<-0.071130,0.793098,-0.604927,0.000000,0.314133,-0.557792,-0.768238,0.000000,-0.946711,-0.244672,-0.209462,0.000000,0.000000,0.000000,0.000000,1.000000>,<9.390000>,<MA_matrix_G1>,<1>,<25920>
<-346.514470,333.740664,483.509885>,<0.721468,-0.479888,0.499190,0.000000,0.692382,0.509887,-0.510513,0.000000,-0.009541,0.713949,0.700133,0.000000,0.000000,0.000000,0.000000,1.000000>,<9.390000>,<MA_matrix_G1>,<1>,<27681>
<93.573691,633.001723,-237.897693>,<0.445325,0.082133,-0.891594,0.000000,0.323184,0.913908,0.245610,0.000000,0.835007,-0.397525,0.380442,0.000000,0.000000,0.000000,0.000000,1.000000>,<9.390000>,<MA_matrix_G1>,<1>,<28735>
<589.652002,325.700935,-111.324520>,<0.290377,0.863399,0.412580,0.000000,-0.799726,0.455726,-0.390836,0.000000,-0.525471,-0.216461,0.822815,0.000000,0.000000,0.000000,0.000000,1.000000>,<9.390000>,<MA_matrix_G1>,<1>,<27619>
<458.216678,-126.936525,490.334097>,<0.676516,0.604286,0.420909,0.000000,0.654957,-0.232405,-0.719040,0.000000,-0.336685,0.762120,-0.553007,0.000000,0.000000,0.000000,0.000000,1.000000>,<9.390000>,<MA_matrix_G1>,<1>,<26503>
<-669.972731,134.570972,42.142684>,<0.145984,-0.986808,-0.069992,0.000000,0.485932,0.133153,-0.863794,0.000000,0.861718,0.092088,0.498960,0.000000,0.000000,0.000000,0.000000,1.000000>,<9.390000>,<MA_matrix_G1>,<1>,<27167>
<339.105433,-251.919304,534.716539>,<0.424801,0.631317,0.648831,0.000000,0.880347,-0.455153,-0.133511,0.000000,0.211030,0.627912,-0.749128,0.000000,0.000000,0.000000,0.000000,1.000000>,<9.390000>,<MA_matrix_G1>,<1>,<26200>
<-158.385110,-652.833544,-132.368799>,<0.584134,-0.295204,-0.756070,0.000000,-0.033867,-0.939568,0.340684,0.000000,-0.810950,-0.173399,-0.558831,0.000000,0.000000,0.000000,0.000000,1.000000>,<9.390000>,<MA_matrix_G1>,<1>,<24855>
<271.263041,-255.808872,572.125404>,<0.326549,0.474419,0.817491,0.000000,0.918927,-0.361787,-0.157110,0.000000,0.221221,0.802519,-0.554098,0.000000,0.000000,0.000000,0.000000,1.000000>,<9.390000>,<MA_matrix_G1>,<1>,<26198>
<-393.573529,552.381111,-73.617968>,<-0.587860,-0.649189,0.482674,0.000000,-0.510864,0.760547,0.400732,0.000000,-0.627247,-0.011006,-0.778743,0.000000,0.000000,0.000000,0.000000,1.000000>,<9.390000>,<MA_matrix_G1>,<1>,<28363>
<523.649301,-401.178155,170.919631>,<-0.249986,0.763351,0.595652,0.000000,0.236820,-0.548296,0.802052,0.000000,0.938841,0.341564,-0.043711,0.000000,0.000000,0.000000,0.000000,1.000000>,<9.390000>,<MA_matrix_G1>,<1>,<25811>
<-54.448669,679.491512,67.441401>,<0.975938,-0.082648,-0.201776,0.000000,0.062754,0.992691,-0.103084,0.000000,0.208821,0.087941,0.973992,0.000000,0.000000,0.000000,0.000000,1.000000>,<9.390000>,<MA_matrix_G1>,<1>,<29180>
<466.364914,-331.142740,376.651256>,<0.289000,0.673396,0.680453,0.000000,0.916754,-0.399408,0.005906,0.000000,0.275756,0.622102,-0.732768,0.000000,0.000000,0.000000,0.000000,1.000000>,<9.390000>,<MA_matrix_G1>,<1>,<26005>
<376.108929,499.585624,-273.702136>,<0.546705,0.518058,0.657822,0.000000,-0.682091,0.731212,-0.008980,0.000000,-0.485659,-0.443785,0.753120,0.000000,0.000000,0.000000,0.000000,1.000000>,<9.390000>,<MA_matrix_G1>,<1>,<28126>
<-448.732813,296.753815,-422.314557>,<0.397332,-0.675655,0.620982,0.000000,-0.483103,0.421323,0.767528,0.000000,-0.780217,-0.604961,-0.159006,0.000000,0.000000,0.000000,0.000000,1.000000>,<9.390000>,<MA_matrix_G1>,<1>,<27554>
<-262.908418,596.019010,-208.554160>,<-0.850915,-0.508896,0.130259,0.000000,-0.525286,0.822328,-0.218749,0.000000,0.004205,-0.254560,-0.967048,0.000000,0.000000,0.000000,0.000000,1.000000>,<9.390000>,<MA_matrix_G1>,<1>,<28555>
<484.050787,-172.181133,-451.125176>,<-0.055693,0.665468,-0.744346,0.000000,0.895792,-0.295952,-0.331615,0.000000,-0.440970,-0.685248,-0.579639,0.000000,0.000000,0.000000,0.000000,1.000000>,<9.390000>,<MA_matrix_G1>,<1>,<26428>
<192.301628,549.291544,-353.158614>,<-0.855233,0.433145,-0.284537,0.000000,0.518240,0.716630,-0.466764,0.000000,0.001731,-0.546650,-0.837359,0.000000,0.000000,0.000000,0.000000,1.000000>,<9.390000>,<MA_matrix_G1>,<1>,<28333>
<212.655268,-620.765415,199.019786>,<-0.144966,0.328294,-0.933385,0.000000,-0.332512,-0.904649,-0.266544,0.000000,-0.931891,0.271722,0.240306,0.000000,0.000000,0.000000,0.000000,1.000000>,<9.390000>,<MA_matrix_G1>,<1>,<25004>
<-464.864441,2.421661,499.391178>,<0.590614,-0.670163,-0.449507,0.000000,-0.592731,0.017712,-0.805206,0.000000,0.547581,0.742003,-0.386765,0.000000,0.000000,0.000000,0.000000,1.000000>,<9.390000>,<MA_matrix_G1>,<1>,<26879>
<543.213335,371.954998,-170.665273>,<0.032261,0.758024,0.651428,0.000000,-0.584841,0.542854,-0.602719,0.000000,-0.810506,-0.361537,0.460837,0.000000,0.000000,0.000000,0.000000,1.000000>,<9.390000>,<MA_matrix_G1>,<1>,<27721>
<-273.491605,523.753514,345.043482>,<0.104448,-0.393488,0.913377,0.000000,0.642489,0.727729,0.240038,0.000000,-0.759143,0.561763,0.328821,0.000000,0.000000,0.000000,0.000000,1.000000>,<9.390000>,<MA_matrix_G1>,<1>,<28280>
<404.802625,437.689104,-336.537590>,<-0.747144,0.565958,-0.348522,0.000000,0.662673,0.674819,-0.324781,0.000000,0.051377,-0.473614,-0.879232,0.000000,0.000000,0.000000,0.000000,1.000000>,<9.390000>,<MA_matrix_G1>,<1>,<27927>
<-616.465945,-47.867605,291.415447>,<-0.473998,-0.875280,0.095976,0.000000,0.405662,-0.120329,0.906068,0.000000,-0.781515,0.468408,0.412103,0.000000,0.000000,0.000000,0.000000,1.000000>,<9.390000>,<MA_matrix_G1>,<1>,<26773>
<19.785623,599.864147,323.556133>,<0.992360,0.069557,0.101897,0.000000,-0.011938,0.876179,-0.481837,0.000000,-0.122795,0.476940,0.870316,0.000000,0.000000,0.000000,0.000000,1.000000>,<9.390000>,<MA_matrix_G1>,<1>,<28492>
<33.635312,-668.978790,-128.637240>,<-0.432483,-0.005073,-0.901628,0.000000,0.218940,-0.970646,-0.099557,0.000000,-0.874656,-0.240459,0.420899,0.000000,0.000000,0.000000,0.000000,1.000000>,<9.390000>,<MA_matrix_G1>,<1>,<24638>
<586.283420,217.569224,275.705272>,<0.355281,0.880953,0.312565,0.000000,0.128780,0.285063,-0.949818,0.000000,-0.925846,0.377705,-0.012172,0.000000,0.000000,0.000000,0.000000,1.000000>,<9.390000>,<MA_matrix_G1>,<1>,<27309>
<647.925700,175.130184,128.925678>,<-0.441608,0.888352,-0.125752,0.000000,0.750531,0.442566,0.490753,0.000000,0.491614,0.122340,-0.862176,0.000000,0.000000,0.000000,0.000000,1.000000>,<9.390000>,<MA_matrix_G1>,<1>,<27213>
<506.062228,-439.380282,135.940206>,<0.428979,0.797603,-0.424036,0.000000,0.539422,-0.602725,-0.588002,0.000000,-0.724569,0.023506,-0.688801,0.000000,0.000000,0.000000,0.000000,1.000000>,<9.390000>,<MA_matrix_G1>,<1>,<25712>
<502.662029,433.094295,163.361643>,<-0.063292,0.698148,0.713151,0.000000,0.416714,0.667796,-0.616764,0.000000,-0.906832,0.258143,-0.333194,0.000000,0.000000,0.000000,0.000000,1.000000>,<9.390000>,<MA_matrix_G1>,<1>,<27911>
<602.453124,-288.528886,-143.404684>,<-0.457589,0.875546,0.155020,0.000000,-0.880934,-0.422745,-0.212702,0.000000,-0.120697,-0.233892,0.964742,0.000000,0.000000,0.000000,0.000000,1.000000>,<9.390000>,<MA_matrix_G1>,<1>,<26120>
<361.210883,574.990106,62.354499>,<-0.885007,0.463821,0.040413,0.000000,0.458124,0.883021,-0.101962,0.000000,-0.082978,-0.071723,-0.993967,0.000000,0.000000,0.000000,0.000000,1.000000>,<9.390000>,<MA_matrix_G1>,<1>,<28413>
<-510.185425,434.820099,-130.310232>,<0.442034,-0.746401,-0.497485,0.000000,0.634288,0.652255,-0.415021,0.000000,0.634259,-0.132095,0.761752,0.000000,0.000000,0.000000,0.000000,1.000000>,<9.390000>,<MA_matrix_G1>,<1>,<27962>
<214.664992,595.991945,255.737311>,<-0.506831,0.379224,-0.774152,0.000000,-0.128663,0.854704,0.502918,0.000000,0.852389,0.354500,-0.384399,0.000000,0.000000,0.000000,0.000000,1.000000>,<9.390000>,<MA_matrix_G1>,<1>,<28502>
<-51.958715,660.310768,-161.232324>,<0.866732,-0.030731,0.497826,0.000000,-0.072269,0.979830,0.186308,0.000000,-0.493510,-0.197457,0.847029,0.000000,0.000000,0.000000,0.000000,1.000000>,<9.390000>,<MA_matrix_G1>,<1>,<28946>
<42.805173,679.822931,19.209709>,<0.140165,0.068812,0.987734,0.000000,-0.084421,0.994780,-0.057323,0.000000,-0.986523,-0.075351,0.145242,0.000000,0.000000,0.000000,0.000000,1.000000>,<9.390000>,<MA_matrix_G1>,<1>,<29209>
<40.651121,-681.604830,17.824599>,<-0.837867,0.050702,-0.543514,0.000000,-0.054615,-0.998467,-0.008950,0.000000,-0.543135,0.022185,0.839352,0.000000,0.000000,0.000000,0.000000,1.000000>,<9.390000>,<MA_matrix_G1>,<1>,<24409>
<306.268021,-368.422222,491.513257>,<0.859868,0.504475,-0.078309,0.000000,0.230994,-0.521250,-0.821547,0.000000,-0.455269,0.688333,-0.564737,0.000000,0.000000,0.000000,0.000000,1.000000>,<9.390000>,<MA_matrix_G1>,<1>,<25900>
<200.503640,648.307904,-76.696196>,<-0.863018,0.278133,0.421714,0.000000,0.189170,0.951979,-0.240731,0.000000,-0.468418,-0.127979,-0.874189,0.000000,0.000000,0.000000,0.000000,1.000000>,<9.390000>,<MA_matrix_G1>,<1>,<28822>
<-433.131540,327.329826,-407.023052>,<-0.217548,-0.768821,0.601321,0.000000,-0.909171,0.383741,0.161711,0.000000,-0.355078,-0.511524,-0.782472,0.000000,0.000000,0.000000,0.000000,1.000000>,<9.390000>,<MA_matrix_G1>,<1>,<27654>
<-436.005713,496.778764,173.716468>,<0.127448,-0.703444,0.699231,0.000000,0.489507,0.657751,0.572492,0.000000,-0.862635,0.269316,0.428170,0.000000,0.000000,0.000000,0.000000,1.000000>,<9.390000>,<MA_matrix_G1>,<1>,<28172>
<526.207309,326.233340,283.701060>,<-0.659782,0.749854,0.049054,0.000000,0.725833,0.619024,0.299961,0.000000,0.194561,0.233515,-0.952689,0.000000,0.000000,0.000000,0.000000,1.000000>,<9.390000>,<MA_matrix_G1>,<1>,<27608>
<489.785392,473.063281,-31.214869>,<-0.445710,0.842923,0.301369,0.000000,0.581286,0.528553,-0.618658,0.000000,-0.680771,-0.100561,-0.725561,0.000000,0.000000,0.000000,0.000000,1.000000>,<9.390000>,<MA_matrix_G1>,<1>,<28017>
<-267.619869,619.045119,102.460014>,<-0.217437,-0.309568,0.925683,0.000000,0.252897,0.898120,0.359754,0.000000,-0.942743,0.312326,-0.116996,0.000000,0.000000,0.000000,0.000000,1.000000>,<9.390000>,<MA_matrix_G1>,<1>,<28672>
<628.610552,208.548205,164.496260>,<0.240547,0.927886,0.284893,0.000000,0.010633,0.290975,-0.956672,0.000000,-0.970579,0.233154,0.060127,0.000000,0.000000,0.000000,0.000000,1.000000>,<9.390000>,<MA_matrix_G1>,<1>,<27312>
<320.391511,577.520756,-178.521361>,<0.417724,0.414962,-0.808278,0.000000,0.117110,0.857600,0.500807,0.000000,0.900995,-0.303856,0.309644,0.000000,0.000000,0.000000,0.000000,1.000000>,<9.390000>,<MA_matrix_G1>,<1>,<28424>
<242.419551,-173.295635,616.589684>,<0.088885,0.433235,-0.896887,0.000000,-0.951119,-0.230455,-0.205580,0.000000,-0.295756,0.871320,0.391574,0.000000,0.000000,0.000000,0.000000,1.000000>,<9.390000>,<MA_matrix_G1>,<1>,<26397>
<467.561621,362.647406,-339.963815>,<0.687177,0.669556,-0.281927,0.000000,-0.123331,0.489950,0.862983,0.000000,0.715945,-0.558251,0.419259,0.000000,0.000000,0.000000,0.000000,1.000000>,<9.390000>,<MA_matrix_G1>,<1>,<27726>
<141.297051,367.424508,-557.897841>,<0.480673,0.162536,-0.861705,0.000000,0.724399,0.480173,0.494652,0.000000,0.494166,-0.861984,0.113066,0.000000,0.000000,0.000000,0.000000,1.000000>,<9.390000>,<MA_matrix_G1>,<1>,<27737>
<631.828146,-80.947222,245.041274>,<0.031065,0.941503,-0.335571,0.000000,-0.895137,-0.123168,-0.428437,0.000000,-0.444706,0.313692,0.838948,0.000000,0.000000,0.000000,0.000000,1.000000>,<9.390000>,<MA_matrix_G1>,<1>,<26610>
<486.623133,399.223956,267.758305>,<-0.337389,0.778121,-0.529809,0.000000,-0.054111,0.545848,0.836135,0.000000,0.939809,0.310771,-0.142058,0.000000,0.000000,0.000000,0.000000,1.000000>,<9.390000>,<MA_matrix_G1>,<1>,<27808>
<6.249805,250.801417,-633.002290>,<0.987657,-0.069001,0.140613,0.000000,-0.103781,0.384108,0.917437,0.000000,-0.117315,-0.920706,0.372206,0.000000,0.000000,0.000000,0.000000,1.000000>,<9.390000>,<MA_matrix_G1>,<1>,<27441>
<631.201741,41.693001,254.211557>,<-0.235109,0.945204,-0.226526,0.000000,-0.436010,0.105732,0.893709,0.000000,0.868688,0.308886,0.387260,0.000000,0.000000,0.000000,0.000000,1.000000>,<9.390000>,<MA_matrix_G1>,<1>,<26910>
<40.543258,671.589594,-125.953830>,<-0.899724,0.138720,-0.413828,0.000000,0.222576,0.961423,-0.161633,0.000000,0.375442,-0.237533,-0.895891,0.000000,0.000000,0.000000,0.000000,1.000000>,<9.390000>,<MA_matrix_G1>,<1>,<29036>
<-633.853646,255.350176,1.412707>,<-0.415794,-0.894691,-0.163231,0.000000,-0.893598,0.368534,0.256253,0.000000,-0.169111,0.252411,-0.952728,0.000000,0.000000,0.000000,0.000000,1.000000>,<9.390000>,<MA_matrix_G1>,<1>,<27466>
<61.321546,676.118003,-54.679381>,<-0.625292,-0.095535,0.774521,0.000000,-0.085431,0.994893,0.053747,0.000000,-0.775701,-0.032561,-0.630260,0.000000,0.000000,0.000000,0.000000,1.000000>,<9.390000>,<MA_matrix_G1>,<1>,<29128>
<-339.308516,468.355353,-364.964186>,<0.849969,-0.525969,-0.030151,0.000000,0.442514,0.681707,0.582629,0.000000,-0.285890,-0.508559,0.812179,0.000000,0.000000,0.000000,0.000000,1.000000>,<9.390000>,<MA_matrix_G1>,<1>,<28053>
<195.805229,-215.935179,-621.107456>,<-0.946123,0.175175,0.272331,0.000000,-0.314487,-0.296787,-0.901674,0.000000,-0.077126,-0.938739,0.335887,0.000000,0.000000,0.000000,0.000000,1.000000>,<9.390000>,<MA_matrix_G1>,<1>,<26336>
<37.147808,-368.414393,576.745164>,<0.812291,0.097684,0.575015,0.000000,0.517623,-0.575078,-0.633523,0.000000,0.268794,0.812245,-0.517694,0.000000,0.000000,0.000000,0.000000,1.000000>,<9.390000>,<MA_matrix_G1>,<1>,<25892>
<634.209894,7.719381,254.617608>,<0.299598,0.952959,-0.045937,0.000000,-0.323297,0.056104,-0.944633,0.000000,-0.897619,0.297861,0.324897,0.000000,0.000000,0.000000,0.000000,1.000000>,<9.390000>,<MA_matrix_G1>,<1>,<26810>
<-14.844299,-681.070243,39.280100>,<-0.950720,0.018059,0.309524,0.000000,-0.021538,-0.999737,-0.007824,0.000000,0.309301,-0.014105,0.950860,0.000000,0.000000,0.000000,0.000000,1.000000>,<9.390000>,<MA_matrix_G1>,<1>,<24489>
<607.339193,-212.387476,-231.553651>,<0.098096,0.803362,-0.587356,0.000000,0.860167,-0.365268,-0.355940,0.000000,-0.500490,-0.470308,-0.726856,0.000000,0.000000,0.000000,0.000000,1.000000>,<9.390000>,<MA_matrix_G1>,<1>,<26322>
<282.254370,622.148670,-18.094738>,<0.462907,0.456667,-0.759718,0.000000,-0.184699,0.887957,0.421212,0.000000,0.866950,-0.054663,0.495388,0.000000,0.000000,0.000000,0.000000,1.000000>,<9.390000>,<MA_matrix_G1>,<1>,<28617>
<404.541425,-529.598057,156.482234>,<0.819115,0.527603,0.225134,0.000000,0.500590,-0.849112,0.168578,0.000000,0.280106,-0.025385,-0.959633,0.000000,0.000000,0.000000,0.000000,1.000000>,<9.390000>,<MA_matrix_G1>,<1>,<25410>
<37.711164,-681.820928,19.377503>,<0.619660,0.036233,0.784033,0.000000,0.052852,-0.998593,0.004377,0.000000,0.783089,0.038726,-0.620703,0.000000,0.000000,0.000000,0.000000,1.000000>,<9.390000>,<MA_matrix_G1>,<1>,<24408>
<371.565686,254.342260,-513.784239>,<-0.575516,0.585634,-0.570802,0.000000,0.817414,0.390763,-0.423248,0.000000,-0.024820,-0.710167,-0.703595,0.000000,0.000000,0.000000,0.000000,1.000000>,<9.390000>,<MA_matrix_G1>,<1>,<27431>
<572.155688,365.483773,66.477469>,<-0.634469,0.754649,0.167197,0.000000,0.770329,0.635140,0.056473,0.000000,-0.063576,0.164627,-0.984305,0.000000,0.000000,0.000000,0.000000,1.000000>,<9.390000>,<MA_matrix_G1>,<1>,<27714>
<151.906421,662.836109,61.010719>,<0.214599,0.257785,0.942069,0.000000,0.017399,0.963379,-0.267580,0.000000,-0.976547,0.073813,0.202255,0.000000,0.000000,0.000000,0.000000,1.000000>,<9.390000>,<MA_matrix_G1>,<1>,<28910>
<110.335702,-632.724572,229.566197>,<-0.983938,0.115724,-0.135917,0.000000,-0.160766,-0.905405,0.392932,0.000000,-0.077588,0.408472,0.909467,0.000000,0.000000,0.000000,0.000000,1.000000>,<9.390000>,<MA_matrix_G1>,<1>,<24898>
<633.614674,252.676104,41.093991>,<-0.312774,0.943720,-0.107545,0.000000,0.925297,0.328303,0.189847,0.000000,0.214469,-0.040132,-0.975906,0.000000,0.000000,0.000000,0.000000,1.000000>,<9.390000>,<MA_matrix_G1>,<1>,<27415>
<406.867589,260.069469,-483.211960>,<-0.380395,0.455145,0.805073,0.000000,-0.685683,0.445351,-0.575761,0.000000,-0.620595,-0.771042,0.142676,0.000000,0.000000,0.000000,0.000000,1.000000>,<9.390000>,<MA_matrix_G1>,<1>,<27430>
<1.047886,168.093507,662.524183>,<0.168095,-0.107573,0.979884,0.000000,0.959684,0.245025,-0.137731,0.000000,-0.225280,0.963530,0.144423,0.000000,0.000000,0.000000,0.000000,1.000000>,<9.390000>,<MA_matrix_G1>,<1>,<27191>
<95.694324,467.466075,-488.362487>,<-0.380905,0.091470,-0.920079,0.000000,0.722914,0.649865,-0.234673,0.000000,0.576461,-0.754526,-0.313661,0.000000,0.000000,0.000000,0.000000,1.000000>,<9.390000>,<MA_matrix_G1>,<1>,<28038>
<669.671365,125.139384,35.508799>,<-0.128428,0.988570,-0.078961,0.000000,0.852460,0.150730,0.500592,0.000000,0.506772,-0.003021,-0.862075,0.000000,0.000000,0.000000,0.000000,1.000000>,<9.390000>,<MA_matrix_G1>,<1>,<27115>
<164.216829,660.835651,53.041345>,<-0.972390,0.215583,-0.089337,0.000000,0.216207,0.976344,0.002755,0.000000,0.087817,-0.016637,-0.995998,0.000000,0.000000,0.000000,0.000000,1.000000>,<9.390000>,<MA_matrix_G1>,<1>,<28911>
<-418.075900,467.988583,-270.575337>,<-0.692800,-0.575508,0.434533,0.000000,-0.683810,0.715620,-0.142449,0.000000,-0.228979,-0.395827,-0.889320,0.000000,0.000000,0.000000,0.000000,1.000000>,<9.390000>,<MA_matrix_G1>,<1>,<28057>
<42.220303,132.296369,-669.454689>,<0.088258,-0.059089,0.994344,0.000000,-0.973766,0.205074,0.098618,0.000000,-0.209741,-0.976961,-0.039440,0.000000,0.000000,0.000000,0.000000,1.000000>,<9.390000>,<MA_matrix_G1>,<1>,<27140>
<237.188951,600.594693,223.815457>,<-0.051879,0.250925,-0.966615,0.000000,-0.230174,0.938854,0.256072,0.000000,0.971766,0.235775,0.009050,0.000000,0.000000,0.000000,0.000000,1.000000>,<9.390000>,<MA_matrix_G1>,<1>,<28504>
<-37.602940,599.879495,-326.389964>,<-0.762532,-0.113875,0.636850,0.000000,-0.395482,0.861090,-0.319559,0.000000,-0.511995,-0.495537,-0.701644,0.000000,0.000000,0.000000,0.000000,1.000000>,<9.390000>,<MA_matrix_G1>,<1>,<28543>
<-243.014480,-44.563082,636.406497>,<-0.893890,-0.310848,-0.323008,0.000000,-0.341334,0.004859,0.939929,0.000000,-0.290606,0.950447,-0.110446,0.000000,0.000000,0.000000,0.000000,1.000000>,<9.390000>,<MA_matrix_G1>,<1>,<26785>
<-209.636394,649.371958,-28.196826>,<0.482423,-0.318138,-0.816123,0.000000,0.202641,0.946972,-0.249361,0.000000,0.852177,-0.045082,0.521308,0.000000,0.000000,0.000000,0.000000,1.000000>,<9.390000>,<MA_matrix_G1>,<1>,<28864>
<556.653206,-168.636722,-358.617881>,<0.512129,0.727915,-0.455921,0.000000,0.811311,-0.235720,0.534987,0.000000,0.281955,-0.643876,-0.711284,0.000000,0.000000,0.000000,0.000000,1.000000>,<9.390000>,<MA_matrix_G1>,<1>,<26425>
<616.615663,290.086899,-37.297372>,<-0.263233,0.875015,0.406272,0.000000,0.162238,0.455278,-0.875443,0.000000,-0.950993,-0.164533,-0.261805,0.000000,0.000000,0.000000,0.000000,1.000000>,<9.390000>,<MA_matrix_G1>,<1>,<27517>
<-82.386878,635.709662,235.512193>,<-0.272552,-0.128628,-0.953504,0.000000,-0.341830,0.939314,-0.029004,0.000000,0.899371,0.318032,-0.299981,0.000000,0.000000,0.000000,0.000000,1.000000>,<9.390000>,<MA_matrix_G1>,<1>,<28786>
<649.977120,171.637150,130.466398>,<0.245306,0.961909,-0.120645,0.000000,-0.969338,0.245226,-0.015741,0.000000,0.014443,0.120807,0.992571,0.000000,0.000000,0.000000,0.000000,1.000000>,<9.390000>,<MA_matrix_G1>,<1>,<27213>
<262.614360,401.050230,-485.353524>,<0.146221,0.300030,0.942657,0.000000,-0.776596,0.625090,-0.078492,0.000000,-0.612795,-0.720586,0.324403,0.000000,0.000000,0.000000,0.000000,1.000000>,<9.390000>,<MA_matrix_G1>,<1>,<27833>
<-677.927791,-4.031777,-79.965609>,<0.056418,-0.997775,-0.035517,0.000000,0.359803,-0.012865,0.932940,0.000000,-0.931321,-0.065413,0.358276,0.000000,0.000000,0.000000,0.000000,1.000000>,<9.390000>,<MA_matrix_G1>,<1>,<26864>
<-362.645704,39.082481,578.729546>,<0.819866,-0.476352,0.317662,0.000000,0.390089,0.058608,-0.918910,0.000000,0.419107,0.877299,0.233870,0.000000,0.000000,0.000000,0.000000,1.000000>,<9.390000>,<MA_matrix_G1>,<1>,<26982>
<-38.766647,683.731059,11.758456>,<-0.672999,-0.204451,0.710826,0.000000,-0.093535,0.976847,0.192407,0.000000,-0.733706,0.063003,-0.676540,0.000000,0.000000,0.000000,0.000000,1.000000>,<9.390000>,<MA_matrix_G1>,<1>,<29269>
<-103.639907,672.039352,-69.467522>,<0.327434,-0.163106,-0.930690,0.000000,0.128238,0.983545,-0.127253,0.000000,0.936131,-0.077683,0.342963,0.000000,0.000000,0.000000,0.000000,1.000000>,<9.390000>,<MA_matrix_G1>,<1>,<29056>
<628.074507,-209.956710,-166.769165>,<0.022351,0.902749,0.429587,0.000000,-0.632097,-0.320149,0.705661,0.000000,0.774567,-0.287313,0.563469,0.000000,0.000000,0.000000,0.000000,1.000000>,<9.390000>,<MA_matrix_G1>,<1>,<26320>
<-47.415538,677.067513,-67.850176>,<-0.438979,0.000896,-0.898497,0.000000,0.145359,0.986897,-0.070034,0.000000,0.886661,-0.161348,-0.433357,0.000000,0.000000,0.000000,0.000000,1.000000>,<9.390000>,<MA_matrix_G1>,<1>,<29150>
<146.814999,632.652602,-206.429841>,<-0.987108,0.145257,-0.067217,0.000000,0.159058,0.937066,-0.310816,0.000000,0.017838,-0.317501,-0.948090,0.000000,0.000000,0.000000,0.000000,1.000000>,<9.390000>,<MA_matrix_G1>,<1>,<28731>
<281.897406,162.031958,-601.688102>,<0.772227,0.305910,-0.556853,0.000000,0.483521,0.285602,0.827429,0.000000,0.412157,-0.908213,0.072635,0.000000,0.000000,0.000000,0.000000,1.000000>,<9.390000>,<MA_matrix_G1>,<1>,<27234>
<84.429507,-123.037338,-665.226264>,<-0.040479,0.137471,-0.989678,0.000000,0.986602,-0.151169,-0.061351,0.000000,-0.158043,-0.978902,-0.129510,0.000000,0.000000,0.000000,0.000000,1.000000>,<9.390000>,<MA_matrix_G1>,<1>,<26539>
<485.041918,399.139100,268.079649>,<0.141316,0.716531,-0.683091,0.000000,-0.626964,0.598775,0.498383,0.000000,0.766124,0.357843,0.533856,0.000000,0.000000,0.000000,0.000000,1.000000>,<9.390000>,<MA_matrix_G1>,<1>,<27808>
<206.222478,653.483454,3.287386>,<-0.667161,0.433729,0.605621,0.000000,0.334496,0.900864,-0.276688,0.000000,-0.665589,0.017983,-0.746102,0.000000,0.000000,0.000000,0.000000,1.000000>,<9.390000>,<MA_matrix_G1>,<1>,<28816>
<509.644416,-435.195371,-133.419077>,<0.673096,0.696734,0.248000,0.000000,0.559456,-0.699016,0.445406,0.000000,0.483685,-0.161056,-0.860296,0.000000,0.000000,0.000000,0.000000,1.000000>,<9.390000>,<MA_matrix_G1>,<1>,<25720>
<73.438919,669.844380,104.722546>,<0.928175,0.108068,-0.356107,0.000000,-0.149208,0.984694,-0.090079,0.000000,0.340922,0.136743,0.930093,0.000000,0.000000,0.000000,0.000000,1.000000>,<9.390000>,<MA_matrix_G1>,<1>,<29001>
<71.747711,-399.893947,-551.880862>,<-0.342321,0.071526,0.936857,0.000000,-0.803123,-0.539783,-0.252245,0.000000,0.487657,-0.838760,0.242224,0.000000,0.000000,0.000000,0.000000,1.000000>,<9.390000>,<MA_matrix_G1>,<1>,<25839>
<653.243640,-81.433375,-168.401070>,<0.258803,0.958591,-0.118846,0.000000,0.851108,-0.168124,0.497343,0.000000,0.456768,-0.229865,-0.859375,0.000000,0.000000,0.000000,0.000000,1.000000>,<9.390000>,<MA_matrix_G1>,<1>,<26620>
<-546.815189,210.105893,-351.875301>,<0.514724,-0.856629,0.035306,0.000000,0.395156,0.273581,0.876929,0.000000,-0.760862,-0.437425,0.479321,0.000000,0.000000,0.000000,0.000000,1.000000>,<9.390000>,<MA_matrix_G1>,<1>,<27357>
<-89.254313,678.228976,-0.418778>,<0.020468,0.001496,0.999789,0.000000,-0.028772,0.999586,-0.000907,0.000000,-0.999376,-0.028748,0.020503,0.000000,0.000000,0.000000,0.000000,1.000000>,<9.390000>,<MA_matrix_G1>,<1>,<29166>
<-85.678983,677.075321,-19.662320>,<0.767503,-0.082118,-0.635763,0.000000,0.041334,0.996037,-0.078754,0.000000,0.639711,0.034166,0.767856,0.000000,0.000000,0.000000,0.000000,1.000000>,<9.390000>,<MA_matrix_G1>,<1>,<29163>
<-38.082094,683.338128,-12.917150>,<-0.993540,-0.066671,-0.091832,0.000000,-0.078572,0.988028,0.132767,0.000000,0.081881,0.139125,-0.986884,0.000000,0.000000,0.000000,0.000000,1.000000>,<9.390000>,<MA_matrix_G1>,<1>,<29260>
<590.726315,332.068398,-81.174346>,<0.514588,0.849283,-0.117973,0.000000,-0.712161,0.499961,0.492814,0.000000,0.477521,-0.169581,0.862100,0.000000,0.000000,0.000000,0.000000,1.000000>,<9.390000>,<MA_matrix_G1>,<1>,<27618>
<281.840888,600.693771,-164.136345>,<-0.285804,0.338352,-0.896568,0.000000,0.218885,0.933910,0.282669,0.000000,0.932955,-0.115457,-0.340975,0.000000,0.000000,0.000000,0.000000,1.000000>,<9.390000>,<MA_matrix_G1>,<1>,<28524>
<-128.761227,-670.999100,2.945826>,<0.707337,-0.334289,0.622836,0.000000,-0.314874,-0.937871,-0.145781,0.000000,0.632873,-0.092999,-0.768650,0.000000,0.000000,0.000000,0.000000,1.000000>,<9.390000>,<MA_matrix_G1>,<1>,<24667>
<-76.008611,675.969610,-42.329757>,<0.050537,0.027319,0.998349,0.000000,-0.027367,0.999288,-0.025959,0.000000,-0.998347,-0.026010,0.051249,0.000000,0.000000,0.000000,0.000000,1.000000>,<9.390000>,<MA_matrix_G1>,<1>,<29158>
<332.764312,-81.746469,-592.235343>,<-0.238080,0.294279,-0.925591,0.000000,0.953259,-0.111754,-0.280727,0.000000,-0.186050,-0.949163,-0.253918,0.000000,0.000000,0.000000,0.000000,1.000000>,<9.390000>,<MA_matrix_G1>,<1>,<26633>
<45.233232,-3.479441,-680.775848>,<-0.163293,-0.064634,0.984458,0.000000,-0.985750,0.051545,-0.160124,0.000000,-0.040395,-0.996577,-0.072130,0.000000,0.000000,0.000000,0.000000,1.000000>,<9.390000>,<MA_matrix_G1>,<1>,<26840>
<9.831067,-127.021707,670.337344>,<0.405459,-0.124678,0.905571,0.000000,0.866091,-0.264471,-0.424195,0.000000,0.292385,0.956300,0.000750,0.000000,0.000000,0.000000,0.000000,1.000000>,<9.390000>,<MA_matrix_G1>,<1>,<26491>
<126.428278,665.275892,-43.248944>,<0.467075,0.222930,-0.855653,0.000000,0.013898,0.965725,0.259195,0.000000,0.884108,-0.132956,0.447968,0.000000,0.000000,0.000000,0.000000,1.000000>,<9.390000>,<MA_matrix_G1>,<1>,<29021>
<404.046117,433.060985,-341.688255>,<0.122660,0.582782,-0.803318,0.000000,0.538212,0.641006,0.547210,0.000000,0.833836,-0.499476,-0.235035,0.000000,0.000000,0.000000,0.000000,1.000000>,<9.390000>,<MA_matrix_G1>,<1>,<27927>
<214.733200,-555.812165,335.764709>,<-0.736098,0.322887,0.594898,0.000000,0.075403,-0.834303,0.546126,0.000000,0.672662,0.446859,0.589782,0.000000,0.000000,0.000000,0.000000,1.000000>,<9.390000>,<MA_matrix_G1>,<1>,<25300>
<63.077018,-671.606793,108.130394>,<-0.964998,0.133222,0.225900,0.000000,-0.084000,-0.972998,0.214984,0.000000,0.248441,0.188483,0.950132,0.000000,0.000000,0.000000,0.000000,1.000000>,<9.390000>,<MA_matrix_G1>,<1>,<24599>
<-8.734324,680.198301,42.491149>,<-0.998825,-0.015719,-0.045849,0.000000,-0.024977,0.977604,0.208965,0.000000,0.041538,0.209864,-0.976848,0.000000,0.000000,0.000000,0.000000,1.000000>,<9.390000>,<MA_matrix_G1>,<1>,<29289>
<468.872781,366.708953,337.524338>,<0.128130,0.694953,0.707547,0.000000,0.437803,0.600517,-0.669110,0.000000,-0.889894,0.395499,-0.227309,0.000000,0.000000,0.000000,0.000000,1.000000>,<9.390000>,<MA_matrix_G1>,<1>,<27706>
<217.682289,331.805296,553.271530>,<0.475184,0.341797,0.810787,0.000000,0.592675,0.556733,-0.582052,0.000000,-0.650335,0.757115,0.061977,0.000000,0.000000,0.000000,0.000000,1.000000>,<9.390000>,<MA_matrix_G1>,<1>,<27597>
<-77.904399,252.188542,630.195733>,<0.946110,-0.058793,0.318465,0.000000,0.316129,0.381070,-0.868820,0.000000,-0.070277,0.922675,0.379120,0.000000,0.000000,0.000000,0.000000,1.000000>,<9.390000>,<MA_matrix_G1>,<1>,<27489>
<131.411862,669.993104,-3.065947>,<0.923881,0.195230,0.329133,0.000000,-0.198622,0.979791,-0.023643,0.000000,-0.327097,-0.043530,0.943988,0.000000,0.000000,0.000000,0.000000,1.000000>,<9.390000>,<MA_matrix_G1>,<1>,<29016>
<-7.778325,667.720480,-126.314956>,<-0.823712,-0.011867,0.566884,0.000000,-0.131453,0.976539,-0.170565,0.000000,-0.551560,-0.215016,-0.805947,0.000000,0.000000,0.000000,0.000000,1.000000>,<9.390000>,<MA_matrix_G1>,<1>,<29042>
<-331.862934,290.211029,-522.681875>,<0.849832,-0.526108,-0.031553,0.000000,0.300803,0.434992,0.848705,0.000000,-0.432785,-0.730748,0.527925,0.000000,0.000000,0.000000,0.000000,1.000000>,<9.390000>,<MA_matrix_G1>,<1>,<27550>
<152.363430,328.466692,-579.972833>,<0.520075,0.167237,0.837588,0.000000,-0.760893,0.536220,0.365389,0.000000,-0.388025,-0.827345,0.406124,0.000000,0.000000,0.000000,0.000000,1.000000>,<9.390000>,<MA_matrix_G1>,<1>,<27637>
<253.860979,358.270884,520.666262>,<-0.330276,0.496324,-0.802857,0.000000,-0.616580,0.530579,0.581649,0.000000,0.714665,0.687131,0.130786,0.000000,0.000000,0.000000,0.000000,1.000000>,<9.390000>,<MA_matrix_G1>,<1>,<27698>
<286.752830,615.939979,-40.329364>,<0.584195,0.434343,-0.685611,0.000000,-0.218995,0.897776,0.382151,0.000000,0.781510,-0.073106,0.619595,0.000000,0.000000,0.000000,0.000000,1.000000>,<9.390000>,<MA_matrix_G1>,<1>,<28618>
<248.610462,-635.047110,47.114551>,<-0.118164,0.257766,0.958955,0.000000,-0.062869,-0.965725,0.251839,0.000000,0.991002,-0.030530,0.130319,0.000000,0.000000,0.000000,0.000000,1.000000>,<9.390000>,<MA_matrix_G1>,<1>,<24913>
<-550.306671,400.596143,-35.700242>,<-0.440118,-0.860364,0.257040,0.000000,-0.623771,0.498854,0.601709,0.000000,-0.645914,0.104489,-0.756225,0.000000,0.000000,0.000000,0.000000,1.000000>,<9.390000>,<MA_matrix_G1>,<1>,<27865>
<-83.329572,648.964110,-195.023409>,<-0.978113,-0.135332,-0.158055,0.000000,-0.051751,0.893947,-0.445174,0.000000,0.201539,-0.427251,-0.881384,0.000000,0.000000,0.000000,0.000000,1.000000>,<9.390000>,<MA_matrix_G1>,<1>,<28847>
<-49.127550,525.620488,-436.707505>,<-0.326405,-0.193353,0.925243,0.000000,-0.622621,0.780478,-0.056546,0.000000,-0.711198,-0.594532,-0.375137,0.000000,0.000000,0.000000,0.000000,1.000000>,<9.390000>,<MA_matrix_G1>,<1>,<28243>
<277.783814,-600.655185,-170.754730>,<-0.359385,0.229379,-0.904559,0.000000,0.172838,-0.936188,-0.306069,0.000000,-0.917044,-0.266339,0.296807,0.000000,0.000000,0.000000,0.000000,1.000000>,<9.390000>,<MA_matrix_G1>,<1>,<25125>
<398.650066,-82.621989,548.790782>,<0.674336,0.619486,-0.401881,0.000000,-0.417318,-0.129279,-0.899518,0.000000,-0.609194,0.774289,0.171345,0.000000,0.000000,0.000000,0.000000,1.000000>,<9.390000>,<MA_matrix_G1>,<1>,<26601>
<28.845921,498.585732,-464.437821>,<-0.562709,0.047187,0.825307,0.000000,-0.484230,0.790341,-0.375344,0.000000,-0.669986,-0.610848,-0.421882,0.000000,0.000000,0.000000,0.000000,1.000000>,<9.390000>,<MA_matrix_G1>,<1>,<28140>
<2.637017,-81.099341,-675.855487>,<-0.854949,0.025397,0.518089,0.000000,-0.518243,-0.084269,-0.851072,0.000000,0.022044,-0.996119,0.085208,0.000000,0.000000,0.000000,0.000000,1.000000>,<9.390000>,<MA_matrix_G1>,<1>,<26641>
<-14.018262,682.068271,34.084198>,<-0.886274,-0.005833,0.463125,0.000000,-0.045708,0.996141,-0.074923,0.000000,-0.460900,-0.087571,-0.883121,0.000000,0.000000,0.000000,0.000000,1.000000>,<9.390000>,<MA_matrix_G1>,<1>,<29285>
<-1.432369,44.087869,681.981828>,<-0.061253,-0.214065,0.974897,0.000000,0.994238,0.072995,0.078496,0.000000,-0.087966,0.974088,0.208361,0.000000,0.000000,0.000000,0.000000,1.000000>,<9.390000>,<MA_matrix_G1>,<1>,<26891>
<14.441081,671.847262,126.113495>,<-0.469117,0.073807,-0.880047,0.000000,-0.115346,0.982845,0.143914,0.000000,0.875571,0.169022,-0.452556,0.000000,0.000000,0.000000,0.000000,1.000000>,<9.390000>,<MA_matrix_G1>,<1>,<28993>
<-151.275597,633.493697,200.670011>,<0.796608,-0.182564,-0.576269,0.000000,-0.045587,0.932447,-0.358419,0.000000,0.602775,0.311790,0.734473,0.000000,0.000000,0.000000,0.000000,1.000000>,<9.390000>,<MA_matrix_G1>,<1>,<28781>
<-591.915204,85.134014,333.072288>,<0.252000,-0.838542,0.483056,0.000000,0.949093,0.116671,-0.292591,0.000000,0.188992,0.532198,0.825256,0.000000,0.000000,0.000000,0.000000,1.000000>,<9.390000>,<MA_matrix_G1>,<1>,<27074>
<81.057628,679.928159,-33.954586>,<0.573011,0.076419,-0.815977,0.000000,-0.026967,0.996862,0.074422,0.000000,0.819104,-0.020641,0.573274,0.000000,0.000000,0.000000,0.000000,1.000000>,<9.390000>,<MA_matrix_G1>,<1>,<29122>
<446.482587,290.584329,-428.243646>,<-0.570744,0.586856,-0.574326,0.000000,0.811801,0.298156,-0.502077,0.000000,-0.123408,-0.752797,-0.646582,0.000000,0.000000,0.000000,0.000000,1.000000>,<9.390000>,<MA_matrix_G1>,<1>,<27528>
<448.072419,215.289802,-469.026296>,<0.588660,0.608821,0.531805,0.000000,-0.798468,0.335194,0.500094,0.000000,0.126210,-0.719014,0.683440,0.000000,0.000000,0.000000,0.000000,1.000000>,<9.390000>,<MA_matrix_G1>,<1>,<27329>
<-377.041504,247.049539,-513.529667>,<0.798935,-0.592777,-0.101577,0.000000,0.376514,0.361279,0.853062,0.000000,-0.468978,-0.719786,0.511828,0.000000,0.000000,0.000000,0.000000,1.000000>,<9.390000>,<MA_matrix_G1>,<1>,<27451>
<19.975634,575.266370,-368.044006>,<-0.908237,0.024873,0.417717,0.000000,-0.156768,0.905309,-0.394765,0.000000,-0.387982,-0.424025,-0.818336,0.000000,0.000000,0.000000,0.000000,1.000000>,<9.390000>,<MA_matrix_G1>,<1>,<28440>
<-143.430963,661.599898,92.456585>,<0.028746,-0.178459,-0.983527,0.000000,-0.270245,0.945905,-0.179531,0.000000,0.962362,0.270954,-0.021036,0.000000,0.000000,0.000000,0.000000,1.000000>,<9.390000>,<MA_matrix_G1>,<1>,<28975>
<-160.662390,637.189146,193.846075>,<0.647849,-0.176190,-0.741113,0.000000,-0.100873,0.944475,-0.312715,0.000000,0.755060,0.277351,0.594105,0.000000,0.000000,0.000000,0.000000,1.000000>,<9.390000>,<MA_matrix_G1>,<1>,<28780>
<432.676442,85.921558,-523.280476>,<0.431173,0.555026,-0.711362,0.000000,0.850226,0.013959,0.526233,0.000000,0.302003,-0.831716,-0.465879,0.000000,0.000000,0.000000,0.000000,1.000000>,<9.390000>,<MA_matrix_G1>,<1>,<27030>
<320.495894,325.623222,-505.715058>,<-0.164984,0.523382,0.835974,0.000000,-0.737066,0.497779,-0.457111,0.000000,-0.655374,-0.691583,0.303641,0.000000,0.000000,0.000000,0.000000,1.000000>,<9.390000>,<MA_matrix_G1>,<1>,<27632>
<-30.756237,-681.905643,-40.698477>,<0.485148,-0.125318,0.865406,0.000000,-0.170278,-0.984271,-0.047073,0.000000,0.857693,-0.124522,-0.498856,0.000000,0.000000,0.000000,0.000000,1.000000>,<9.390000>,<MA_matrix_G1>,<1>,<24451>
<297.761118,524.611527,318.435188>,<-0.782908,0.534746,-0.317966,0.000000,0.235577,0.727840,0.644012,0.000000,0.575812,0.429297,-0.695806,0.000000,0.000000,0.000000,0.000000,1.000000>,<9.390000>,<MA_matrix_G1>,<1>,<28203>
<252.928344,620.042765,-137.613411>,<0.845847,0.361724,0.392045,0.000000,-0.411118,0.910368,0.047038,0.000000,-0.339890,-0.200963,0.918743,0.000000,0.000000,0.000000,0.000000,1.000000>,<9.390000>,<MA_matrix_G1>,<1>,<28624>
