<-266.839745,157.305622,-0.500000>,<-0.544071,0.839039,0.000000,0.000000,-0.839039,-0.544071,0.000000,0.000000,0.000000,0.000000,1.000000,0.000000,0.000000,0.000000,0.000000,1.000000>,<25.000000>,<c10_c25>,<0>,<4979>
<-47.366749,133.445871,-0.500000>,<-0.676928,0.736049,0.000000,0.000000,-0.736049,-0.676928,0.000000,0.000000,0.000000,0.000000,1.000000,0.000000,0.000000,0.000000,0.000000,1.000000>,<25.000000>,<c10_c25>,<0>,<4824>
<-221.911437,-337.824038,-0.500000>,<0.927463,0.373916,0.000000,0.000000,-0.373916,0.927463,0.000000,0.000000,0.000000,0.000000,1.000000,0.000000,0.000000,0.000000,0.000000,1.000000>,<25.000000>,<c10_c25>,<0>,<1242>
<284.665133,-303.956724,-0.500000>,<-0.885537,-0.464569,0.000000,0.000000,0.464569,-0.885537,0.000000,0.000000,0.000000,0.000000,1.000000,0.000000,0.000000,0.000000,0.000000,1.000000>,<25.000000>,<c10_c25>,<0>,<1547>
<-206.692205,42.492736,-0.500000>,<0.375660,-0.926758,0.000000,0.000000,0.926758,0.375660,0.000000,0.000000,0.000000,0.000000,1.000000,0.000000,0.000000,0.000000,0.000000,1.000000>,<25.000000>,<c10_c25>,<0>,<4115>
<96.804773,-51.097604,-0.500000>,<-0.629015,-0.777393,0.000000,0.000000,0.777393,-0.629015,0.000000,0.000000,0.000000,0.000000,1.000000,0.000000,0.000000,0.000000,0.000000,1.000000>,<25.000000>,<c10_c25>,<0>,<3444>
<-118.739664,-387.399970,-0.500000>,<0.934996,0.354659,0.000000,0.000000,-0.354659,0.934996,0.000000,0.000000,0.000000,0.000000,1.000000,0.000000,0.000000,0.000000,0.000000,1.000000>,<25.000000>,<c10_c25>,<0>,<903>
<29.649218,-36.562936,-0.500000>,<0.732284,-0.672548,-0.106956,0.000000,-0.680722,-0.718420,-0.143140,0.000000,0.019429,0.177627,-0.983906,0.000000,0.000000,0.000000,0.000000,1.000000>,<15.000000>,<s10_s15>,<0>,<3526>
<314.881230,329.912353,-0.500000>,<0.502193,-0.304688,-0.809301,0.000000,-0.710260,-0.679186,-0.185033,0.000000,-0.493288,0.667736,-0.557490,0.000000,0.000000,0.000000,0.000000,1.000000>,<25.000000>,<s10_s25>,<0>,<6335>
<118.117749,-231.333085,-0.500000>,<-0.524842,-0.382176,-0.760580,0.000000,-0.802206,0.520856,0.291847,0.000000,0.284615,0.763315,-0.579951,0.000000,0.000000,0.000000,0.000000,1.000000>,<25.000000>,<s10_s25>,<0>,<2054>
<104.282542,112.747689,-0.500000>,<0.062927,-0.856679,-0.511997,0.000000,-0.694174,-0.406158,0.594271,0.000000,-0.717051,0.318019,-0.620243,0.000000,0.000000,0.000000,0.000000,1.000000>,<25.000000>,<s10_s25>,<0>,<4663>
<-288.148564,-143.833522,-0.500000>,<0.886957,0.460756,0.031802,0.000000,-0.461853,0.884832,0.061355,0.000000,0.000130,-0.069107,0.997609,0.000000,0.000000,0.000000,0.000000,1.000000>,<15.000000>,<s10_s15>,<0>,<2715>
<267.314076,-224.177545,-0.500000>,<-0.916732,-0.358004,-0.177300,0.000000,-0.163436,-0.068887,0.984146,0.000000,-0.364542,0.931175,0.004640,0.000000,0.000000,0.000000,0.000000,1.000000>,<25.000000>,<s10_s25>,<0>,<2155>
<-101.335846,-96.600070,-0.500000>,<-0.212655,-0.044301,0.976122,0.000000,0.966173,-0.158694,0.203286,0.000000,0.145899,0.986334,0.076549,0.000000,0.000000,0.000000,0.000000,1.000000>,<15.000000>,<s10_s15>,<0>,<3079>
<-222.051440,363.435777,-0.500000>,<0.108975,-0.647521,0.754216,0.000000,-0.052903,0.753881,0.654878,0.000000,-0.992636,-0.111265,0.047899,0.000000,0.000000,0.000000,0.000000,1.000000>,<25.000000>,<s10_s25>,<0>,<6462>
<-383.665535,16.592461,-0.500000>,<0.936126,0.250387,0.246931,0.000000,-0.340937,0.818308,0.462747,0.000000,-0.086200,-0.517377,0.851405,0.000000,0.000000,0.000000,0.000000,1.000000>,<25.000000>,<s10_s25>,<0>,<3925>
<208.785873,-274.746132,-0.500000>,<-0.604587,-0.659970,0.445997,0.000000,-0.474346,-0.151503,-0.867204,0.000000,0.639899,-0.735857,-0.221457,0.000000,0.000000,0.000000,0.000000,1.000000>,<25.000000>,<s10_s25>,<0>,<1715>
<-266.893767,-119.139654,-0.500000>,<0.544703,-0.449079,-0.708256,0.000000,0.371068,-0.628308,0.683767,0.000000,-0.752068,-0.635262,-0.175602,0.000000,0.000000,0.000000,0.000000,1.000000>,<25.000000>,<s10_s25>,<0>,<2891>
<322.403925,-364.285130,-0.500000>,<0.937378,-0.157599,-0.310621,0.000000,-0.321404,-0.735072,-0.596967,0.000000,-0.134247,0.659418,-0.739693,0.000000,0.000000,0.000000,0.000000,1.000000>,<25.000000>,<s10_s25>,<0>,<1115>
<-245.178569,389.603844,-0.500000>,<0.508589,0.125967,-0.851745,0.000000,-0.844576,0.265341,-0.465066,0.000000,0.167420,0.955890,0.241338,0.000000,0.000000,0.000000,0.000000,1.000000>,<15.000000>,<s10_s15>,<0>,<6721>
<108.683401,166.415678,-0.500000>,<0.663915,-0.599797,-0.446610,0.000000,0.175821,-0.455282,0.872814,0.000000,-0.726845,-0.657998,-0.196812,0.000000,0.000000,0.000000,0.000000,1.000000>,<25.000000>,<s10_s25>,<0>,<5099>
<103.093061,-133.211764,-0.500000>,<-0.447999,-0.432917,0.782227,0.000000,0.158499,-0.899541,-0.407068,0.000000,0.879872,-0.058383,0.471611,0.000000,0.000000,0.000000,0.000000,1.000000>,<15.000000>,<s10_s15>,<0>,<2836>
<-101.488029,-153.515456,-0.500000>,<0.695456,0.608387,-0.382370,0.000000,-0.688127,0.717116,-0.110569,0.000000,0.206935,0.340015,0.917370,0.000000,0.000000,0.000000,0.000000,1.000000>,<15.000000>,<s10_s15>,<0>,<2645>
<333.115465,-325.296579,-0.500000>,<0.616714,-0.000454,0.787187,0.000000,-0.122797,0.987702,0.096774,0.000000,-0.777550,-0.156347,0.609074,0.000000,0.000000,0.000000,0.000000,1.000000>,<15.000000>,<s10_s15>,<0>,<1377>
<-324.733063,-23.573285,-0.500000>,<0.377334,0.245235,-0.893017,0.000000,0.536899,0.727772,0.426717,0.000000,0.754559,-0.640474,0.142947,0.000000,0.000000,0.000000,0.000000,1.000000>,<15.000000>,<s10_s15>,<0>,<3582>
<74.194697,-140.246105,-0.500000>,<-0.942359,0.299617,-0.148958,0.000000,0.050855,-0.311757,-0.948800,0.000000,-0.330715,-0.901686,0.278550,0.000000,0.000000,0.000000,0.000000,1.000000>,<15.000000>,<s10_s15>,<0>,<2747>
<341.819307,-407.674047,-0.500000>,<0.274553,-0.071050,-0.958943,0.000000,-0.698134,0.671051,-0.249601,0.000000,0.661234,0.737999,0.134637,0.000000,0.000000,0.000000,0.000000,1.000000>,<15.000000>,<s10_s15>,<0>,<769>
<161.123220,-191.024901,-0.500000>,<-0.497833,-0.254761,0.829011,0.000000,-0.586465,0.803089,-0.105386,0.000000,-0.638922,-0.538651,-0.549212,0.000000,0.000000,0.000000,0.000000,1.000000>,<15.000000>,<s10_s15>,<0>,<2406>
<22.361610,-329.985255,-0.500000>,<-0.889652,0.139357,-0.434856,0.000000,-0.405812,-0.677913,0.612985,0.000000,-0.209371,0.721813,0.659659,0.000000,0.000000,0.000000,0.000000,1.000000>,<25.000000>,<s10_s25>,<0>,<1350>
<-327.872038,-351.926611,-0.500000>,<0.716533,-0.502287,-0.484034,0.000000,-0.663497,-0.276593,-0.695175,0.000000,0.215297,0.819270,-0.531454,0.000000,0.000000,0.000000,0.000000,1.000000>,<15.000000>,<s10_s15>,<0>,<1146>
<-283.943226,-337.770354,-0.500000>,<0.852890,0.164733,0.495421,0.000000,0.481896,0.116726,-0.868419,0.000000,-0.200886,0.979407,0.020170,0.000000,0.000000,0.000000,0.000000,1.000000>,<15.000000>,<s10_s15>,<0>,<1237>
<-302.980863,315.714128,-0.500000>,<-0.530210,-0.120987,-0.839190,0.000000,-0.503647,0.841163,0.196939,0.000000,0.682068,0.527075,-0.506927,0.000000,0.000000,0.000000,0.000000,1.000000>,<15.000000>,<s10_s15>,<0>,<6194>
<46.524311,-209.065167,-0.500000>,<0.010246,-0.390898,-0.920377,0.000000,0.883004,-0.428399,0.191778,0.000000,-0.469254,-0.814661,0.340775,0.000000,0.000000,0.000000,0.000000,1.000000>,<25.000000>,<s10_s25>,<0>,<2223>
<-150.490017,-39.217360,-0.500000>,<-0.975919,-0.168312,-0.138754,0.000000,-0.217729,0.790258,0.572789,0.000000,0.013244,0.589206,-0.807874,0.000000,0.000000,0.000000,0.000000,1.000000>,<25.000000>,<s10_s25>,<0>,<3510>
<-205.020361,-166.395234,-0.500000>,<-0.259428,0.932292,-0.252048,0.000000,-0.960527,-0.276218,-0.033042,0.000000,-0.100425,0.233526,0.967151,0.000000,0.000000,0.000000,0.000000,1.000000>,<25.000000>,<s10_s25>,<0>,<2549>
<354.726342,293.727659,-0.500000>,<-0.924346,-0.323460,-0.202380,0.000000,-0.345536,0.484673,0.803553,0.000000,-0.161829,0.812690,-0.559773,0.000000,0.000000,0.000000,0.000000,1.000000>,<25.000000>,<s10_s25>,<0>,<6077>
<49.647049,-132.721745,-0.500000>,<-0.660114,-0.595229,-0.458204,0.000000,0.535931,0.054214,-0.842519,0.000000,0.526333,-0.801725,0.283214,0.000000,0.000000,0.000000,0.000000,1.000000>,<15.000000>,<s10_s15>,<0>,<2832>
<293.312764,289.586098,-0.500000>,<0.851272,-0.027386,0.524009,0.000000,0.523849,-0.013305,-0.851707,0.000000,0.030297,0.999536,0.003020,0.000000,0.000000,0.000000,0.000000,1.000000>,<15.000000>,<s10_s15>,<0>,<5985>
<316.866341,-142.421997,-0.500000>,<-0.813309,-0.490295,-0.313272,0.000000,-0.075307,-0.445188,0.892265,0.000000,-0.576938,0.749278,0.325153,0.000000,0.000000,0.000000,0.000000,1.000000>,<25.000000>,<s10_s25>,<0>,<2768>
<-412.446185,-199.597474,-0.500000>,<0.521267,0.231698,0.821338,0.000000,0.617175,0.562345,-0.550330,0.000000,-0.589386,0.793778,0.150134,0.000000,0.000000,0.000000,0.000000,1.000000>,<15.000000>,<s10_s15>,<0>,<2270>
<-309.984328,-245.061301,-0.500000>,<0.777850,0.528775,0.339625,0.000000,0.268681,-0.768348,0.580906,0.000000,0.568119,-0.360607,-0.739732,0.000000,0.000000,0.000000,0.000000,1.000000>,<15.000000>,<s10_s15>,<0>,<1931>
<-70.486845,270.320077,-0.500000>,<-0.733939,-0.611662,0.295301,0.000000,0.204300,-0.613438,-0.762860,0.000000,0.647761,-0.499562,0.575189,0.000000,0.000000,0.000000,0.000000,1.000000>,<25.000000>,<s10_s25>,<0>,<5866>
<-227.036675,188.992422,-0.500000>,<0.833975,0.465666,-0.296043,0.000000,0.489060,-0.375299,0.787382,0.000000,0.255553,-0.801440,-0.540729,0.000000,0.000000,0.000000,0.000000,1.000000>,<25.000000>,<s10_s25>,<0>,<5244>
<250.938724,217.234569,-0.500000>,<0.675892,-0.223927,-0.702158,0.000000,-0.422621,-0.898282,-0.120338,0.000000,-0.603789,0.378082,-0.701778,0.000000,0.000000,0.000000,0.000000,1.000000>,<25.000000>,<s10_s25>,<0>,<5459>
<301.014299,31.536965,-0.500000>,<-0.971637,0.229283,0.057888,0.000000,0.210899,0.950909,-0.226481,0.000000,-0.106974,-0.207849,-0.972294,0.000000,0.000000,0.000000,0.000000,1.000000>,<25.000000>,<s10_s25>,<0>,<4071>
<194.416564,126.050513,-0.500000>,<0.504988,0.817386,-0.277249,0.000000,0.143064,0.237505,0.960793,0.000000,0.851188,-0.524853,0.002999,0.000000,0.000000,0.000000,0.000000,1.000000>,<25.000000>,<s10_s25>,<0>,<4758>
<-237.863667,-246.455710,-0.500000>,<0.097582,-0.500998,0.859930,0.000000,-0.440105,-0.796700,-0.414218,0.000000,0.892629,-0.338039,-0.298235,0.000000,0.000000,0.000000,0.000000,1.000000>,<25.000000>,<s10_s25>,<0>,<1937>
<-411.157574,74.605764,-0.500000>,<-0.044490,-0.958502,0.281594,0.000000,-0.994105,0.070373,0.082475,0.000000,-0.098869,-0.276265,-0.955983,0.000000,0.000000,0.000000,0.000000,1.000000>,<25.000000>,<s10_s25>,<0>,<4358>
<386.281914,169.029308,-0.500000>,<-0.626974,-0.702788,0.336145,0.000000,0.778812,-0.554987,0.292303,0.000000,-0.018871,0.445060,0.895302,0.000000,0.000000,0.000000,0.000000,1.000000>,<25.000000>,<s10_s25>,<0>,<5123>
<-149.911529,322.096723,-0.500000>,<0.823093,-0.088389,0.560986,0.000000,0.412655,-0.585576,-0.697722,0.000000,0.390171,0.805784,-0.445509,0.000000,0.000000,0.000000,0.000000,1.000000>,<25.000000>,<s10_s25>,<0>,<6207>
<383.558711,-364.741773,-0.500000>,<0.105555,0.848598,-0.518401,0.000000,0.044977,-0.524854,-0.850003,0.000000,-0.993396,0.066406,-0.093568,0.000000,0.000000,0.000000,0.000000,1.000000>,<25.000000>,<s10_s25>,<0>,<1120>
<-96.506135,333.800159,-0.500000>,<-0.637578,-0.641138,-0.427124,0.000000,-0.610678,0.082618,0.787558,0.000000,-0.469645,0.762965,-0.444205,0.000000,0.000000,0.000000,0.000000,1.000000>,<15.000000>,<s10_s15>,<0>,<6299>
<-350.385354,307.409250,-0.500000>,<0.025096,-0.469391,-0.882634,0.000000,0.980135,0.185309,-0.070680,0.000000,0.196736,-0.863327,0.464717,0.000000,0.000000,0.000000,0.000000,1.000000>,<25.000000>,<s10_s25>,<0>,<6103>
<-181.674396,-360.533148,-0.500000>,<0.671353,-0.222771,-0.706865,0.000000,-0.263775,0.819486,-0.508788,0.000000,0.692609,0.528029,0.491404,0.000000,0.000000,0.000000,0.000000,1.000000>,<25.000000>,<s10_s25>,<0>,<1072>
<-26.553100,375.677501,-0.500000>,<-0.035068,-0.805162,0.592017,0.000000,-0.667615,0.459686,0.585643,0.000000,-0.743680,-0.374702,-0.553659,0.000000,0.000000,0.000000,0.000000,1.000000>,<15.000000>,<s10_s15>,<0>,<6653>
<194.211361,-230.078167,-0.500000>,<-0.677467,0.718332,-0.158234,0.000000,0.165607,0.358558,0.918700,0.000000,0.716668,0.596184,-0.361872,0.000000,0.000000,0.000000,0.000000,1.000000>,<25.000000>,<s10_s25>,<0>,<2061>
<169.251833,172.745422,-0.500000>,<0.953304,-0.068793,-0.294072,0.000000,0.282389,-0.142218,0.948699,0.000000,-0.107086,-0.987442,-0.116150,0.000000,0.000000,0.000000,0.000000,1.000000>,<25.000000>,<s10_s25>,<0>,<5104>
<-409.198123,366.964468,-0.500000>,<-0.756402,-0.156177,0.635188,0.000000,-0.568473,0.637317,-0.520256,0.000000,-0.323564,-0.754610,-0.570850,0.000000,0.000000,0.000000,0.000000,1.000000>,<25.000000>,<s10_s25>,<0>,<6533>
<-346.194721,153.313774,-0.500000>,<-0.165912,0.366279,0.915594,0.000000,0.881384,0.471515,-0.028915,0.000000,-0.442307,0.802193,-0.401062,0.000000,0.000000,0.000000,0.000000,1.000000>,<25.000000>,<s10_s25>,<0>,<4972>
<101.772677,-408.369501,-0.500000>,<0.424201,-0.555876,-0.714881,0.000000,0.883403,0.427610,0.191700,0.000000,0.199129,-0.712848,0.672455,0.000000,0.000000,0.000000,0.000000,1.000000>,<15.000000>,<s10_s15>,<0>,<748>
<-10.136859,186.013991,-0.500000>,<-0.193437,-0.030495,-0.980639,0.000000,-0.410667,-0.905228,0.109157,0.000000,-0.891030,0.423831,0.162581,0.000000,0.000000,0.000000,0.000000,1.000000>,<15.000000>,<s10_s15>,<0>,<5175>
<342.485105,-44.114615,-0.500000>,<-0.391961,0.333492,0.857409,0.000000,0.377389,0.908245,-0.180743,0.000000,-0.839014,0.252733,-0.481853,0.000000,0.000000,0.000000,0.000000,1.000000>,<25.000000>,<s10_s25>,<0>,<3466>
<377.862809,379.200279,-0.500000>,<-0.743431,0.258361,-0.616895,0.000000,-0.254680,-0.962241,-0.096075,0.000000,-0.618424,0.085685,0.781159,0.000000,0.000000,0.000000,0.000000,1.000000>,<25.000000>,<s10_s25>,<0>,<6688>
<98.163105,274.144056,-0.500000>,<0.677106,-0.536065,0.504144,0.000000,0.045112,0.714035,0.698655,0.000000,-0.734501,-0.450321,0.507661,0.000000,0.000000,0.000000,0.000000,1.000000>,<25.000000>,<s10_s25>,<0>,<5881>
<148.686781,80.955211,-0.500000>,<-0.325639,-0.867078,0.377008,0.000000,-0.160930,0.443753,0.881581,0.000000,-0.931698,0.226405,-0.284042,0.000000,0.000000,0.000000,0.000000,1.000000>,<25.000000>,<s10_s25>,<0>,<4406>
<292.803923,145.654410,-0.500000>,<-0.821741,0.567258,0.054405,0.000000,-0.568205,-0.822883,-0.002404,0.000000,0.043405,-0.032889,0.998516,0.000000,0.000000,0.000000,0.000000,1.000000>,<25.000000>,<s10_s25>,<0>,<4941>
<123.737630,-327.869143,-0.500000>,<-0.895115,-0.336206,-0.292805,0.000000,-0.442152,0.585185,0.679750,0.000000,-0.057191,0.737919,-0.672462,0.000000,0.000000,0.000000,0.000000,1.000000>,<25.000000>,<s10_s25>,<0>,<1359>
<30.315060,241.192742,-0.500000>,<0.543289,-0.387580,0.744727,0.000000,0.172009,-0.816855,-0.550601,0.000000,0.821736,0.427235,-0.377121,0.000000,0.000000,0.000000,0.000000,1.000000>,<25.000000>,<s10_s25>,<0>,<5614>
<-383.742975,-268.165544,-0.500000>,<0.448896,0.515725,0.729740,0.000000,-0.430941,0.840345,-0.328802,0.000000,-0.782804,-0.166877,0.599474,0.000000,0.000000,0.000000,0.000000,1.000000>,<25.000000>,<s10_s25>,<0>,<1750>
<-305.100720,-305.258012,-0.500000>,<-0.585846,-0.683809,0.434959,0.000000,-0.316460,0.687122,0.654001,0.000000,-0.746082,0.245497,-0.618946,0.000000,0.000000,0.000000,0.000000,1.000000>,<25.000000>,<s10_s25>,<0>,<1496>
<81.750846,-302.044993,-0.500000>,<0.366814,-0.923215,-0.114547,0.000000,-0.359293,-0.027015,-0.932834,0.000000,0.858112,0.383333,-0.341614,0.000000,0.000000,0.000000,0.000000,1.000000>,<25.000000>,<s10_s25>,<0>,<1529>
<23.000289,-239.712870,-0.500000>,<-0.780513,-0.226941,0.582492,0.000000,0.452683,-0.847792,0.276272,0.000000,0.431135,0.479318,0.764445,0.000000,0.000000,0.000000,0.000000,1.000000>,<15.000000>,<s10_s15>,<0>,<2046>
<167.123525,-298.271144,-0.500000>,<-0.384613,-0.840960,0.380602,0.000000,0.076191,0.381990,0.921020,0.000000,-0.919928,0.383235,-0.082845,0.000000,0.000000,0.000000,0.000000,1.000000>,<25.000000>,<s10_s25>,<0>,<1624>
<386.203922,121.691866,-0.500000>,<0.193825,0.846733,-0.495455,0.000000,0.862175,-0.387980,-0.325770,0.000000,-0.468067,-0.364027,-0.805232,0.000000,0.000000,0.000000,0.000000,1.000000>,<25.000000>,<s10_s25>,<0>,<4775>
<250.416385,-138.590885,-0.500000>,<0.677990,-0.735070,0.001153,0.000000,0.514335,0.473274,-0.715172,0.000000,0.525156,0.485473,0.698948,0.000000,0.000000,0.000000,0.000000,1.000000>,<25.000000>,<s10_s25>,<0>,<2762>
<203.904325,351.257712,-0.500000>,<-0.534239,0.684595,-0.495901,0.000000,0.842332,0.480509,-0.244107,0.000000,0.071170,-0.548124,-0.833363,0.000000,0.000000,0.000000,0.000000,1.000000>,<25.000000>,<s10_s25>,<0>,<6499>
<-14.731988,-408.989836,-0.500000>,<-0.557067,-0.830453,-0.004949,0.000000,0.556158,-0.368632,-0.744848,0.000000,0.616736,-0.417682,0.667216,0.000000,0.000000,0.000000,0.000000,1.000000>,<15.000000>,<s10_s15>,<0>,<738>
<-293.199084,353.341924,-0.500000>,<-0.749981,-0.456945,0.478256,0.000000,0.633576,-0.703971,0.320946,0.000000,0.190024,0.543715,0.817475,0.000000,0.000000,0.000000,0.000000,1.000000>,<25.000000>,<s10_s25>,<0>,<6456>
<166.885818,-85.038384,-0.500000>,<-0.974958,0.194407,-0.107992,0.000000,-0.163487,-0.297360,0.940664,0.000000,0.150759,0.934764,0.321696,0.000000,0.000000,0.000000,0.000000,1.000000>,<25.000000>,<s10_s25>,<0>,<3190>
<254.475558,-265.576958,-0.500000>,<0.880940,-0.157229,0.446344,0.000000,-0.237513,0.668889,0.704397,0.000000,-0.409306,-0.726544,0.551907,0.000000,0.000000,0.000000,0.000000,1.000000>,<15.000000>,<s10_s15>,<0>,<1805>
<-347.791667,49.913761,-0.500000>,<0.987974,-0.109492,-0.109175,0.000000,0.033730,-0.536458,0.843253,0.000000,-0.150898,-0.836794,-0.526313,0.000000,0.000000,0.000000,0.000000,1.000000>,<15.000000>,<s10_s15>,<0>,<4189>
<32.720745,331.172994,-0.500000>,<-0.624281,-0.635874,0.453802,0.000000,-0.276776,0.723258,0.632688,0.000000,-0.730526,0.269374,-0.627511,0.000000,0.000000,0.000000,0.000000,1.000000>,<25.000000>,<s10_s25>,<0>,<6310>
<341.903690,99.179953,-0.500000>,<0.554717,0.831204,-0.037267,0.000000,-0.831104,0.551414,-0.072174,0.000000,-0.039442,0.071009,0.996696,0.000000,0.000000,0.000000,0.000000,1.000000>,<25.000000>,<s10_s25>,<0>,<4597>
<254.136694,-59.586451,-0.500000>,<-0.786559,-0.185609,-0.588961,0.000000,-0.194481,0.979681,-0.049014,0.000000,0.586091,0.075989,-0.806674,0.000000,0.000000,0.000000,0.000000,1.000000>,<25.000000>,<s10_s25>,<0>,<3371>
<-364.767656,-94.514862,-0.500000>,<-0.843729,-0.434904,-0.314612,0.000000,-0.484637,0.869188,0.098179,0.000000,0.230759,0.235309,-0.944129,0.000000,0.000000,0.000000,0.000000,1.000000>,<25.000000>,<s10_s25>,<0>,<3057>
<-322.391173,275.819391,-0.500000>,<-0.892730,-0.112677,-0.436277,0.000000,-0.325988,0.829934,0.452705,0.000000,0.311072,0.546365,-0.777638,0.000000,0.000000,0.000000,0.000000,1.000000>,<15.000000>,<s10_s15>,<0>,<5844>
<147.502315,273.831807,-0.500000>,<0.038876,-0.568115,-0.822031,0.000000,-0.912813,-0.354871,0.202087,0.000000,-0.406523,0.742504,-0.532378,0.000000,0.000000,0.000000,0.000000,1.000000>,<25.000000>,<s10_s25>,<0>,<5885>
<-329.171793,-153.629883,-0.500000>,<0.926655,0.309206,-0.213779,0.000000,-0.208011,-0.051920,-0.976748,0.000000,-0.313116,0.949577,0.016206,0.000000,0.000000,0.000000,0.000000,1.000000>,<25.000000>,<s10_s25>,<0>,<2625>
<-33.802819,-258.827932,-0.500000>,<0.183367,0.958743,-0.217228,0.000000,-0.394764,-0.130560,-0.909459,0.000000,-0.900299,0.252519,0.354537,0.000000,0.000000,0.000000,0.000000,1.000000>,<15.000000>,<s10_s15>,<0>,<1867>
<206.830982,-32.904660,-0.500000>,<0.672239,-0.614285,-0.413217,0.000000,-0.575704,-0.784671,0.229906,0.000000,-0.465467,0.083339,-0.881133,0.000000,0.000000,0.000000,0.000000,1.000000>,<15.000000>,<s10_s15>,<0>,<3541>
<266.020052,172.668923,-0.500000>,<0.118493,-0.522471,0.844383,0.000000,-0.987985,0.022942,0.152841,0.000000,-0.099227,-0.852348,-0.513475,0.000000,0.000000,0.000000,0.000000,1.000000>,<15.000000>,<s10_s15>,<0>,<5112>
<-324.284381,-208.038241,-0.500000>,<0.001447,0.572482,-0.819916,0.000000,-0.888457,0.377044,0.261692,0.000000,0.458958,0.728081,0.509171,0.000000,0.000000,0.000000,0.000000,1.000000>,<25.000000>,<s10_s25>,<0>,<2277>
<-247.908480,-185.656871,-0.500000>,<0.567688,0.822003,0.045187,0.000000,0.571396,-0.353912,-0.740441,0.000000,-0.592652,0.446159,-0.670601,0.000000,0.000000,0.000000,0.000000,1.000000>,<25.000000>,<s10_s25>,<0>,<2371>
<158.641890,-400.088764,-0.500000>,<-0.437439,0.568075,0.697093,0.000000,0.612087,-0.379809,0.693610,0.000000,0.658785,0.730093,-0.181568,0.000000,0.000000,0.000000,0.000000,1.000000>,<25.000000>,<s10_s25>,<0>,<840>
<-182.637144,-108.552577,-0.500000>,<0.868442,0.450416,-0.207203,0.000000,0.481153,-0.664873,0.571345,0.000000,0.119579,-0.595877,-0.794123,0.000000,0.000000,0.000000,0.000000,1.000000>,<25.000000>,<s10_s25>,<0>,<2985>
<177.631089,-123.514684,-0.500000>,<-0.238520,-0.116303,-0.964148,0.000000,0.917952,0.297044,-0.262924,0.000000,0.316973,-0.947754,0.035910,0.000000,0.000000,0.000000,0.000000,1.000000>,<15.000000>,<s10_s15>,<0>,<2930>
<-63.740278,385.099891,-0.500000>,<-0.944564,-0.280841,0.170079,0.000000,0.009451,-0.541058,-0.840932,0.000000,0.328191,-0.792707,0.513719,0.000000,0.000000,0.000000,0.000000,1.000000>,<25.000000>,<s10_s25>,<0>,<6737>
<39.787822,388.454609,-0.500000>,<0.380649,-0.279129,0.881586,0.000000,0.553904,-0.694576,-0.459080,0.000000,0.740471,0.663062,-0.109779,0.000000,0.000000,0.000000,0.000000,1.000000>,<25.000000>,<s10_s25>,<0>,<6746>
<24.642974,-385.244827,-0.500000>,<0.598842,0.598551,0.532095,0.000000,0.006513,0.660737,-0.750589,0.000000,-0.800841,0.452950,0.391778,0.000000,0.000000,0.000000,0.000000,1.000000>,<25.000000>,<s10_s25>,<0>,<916>
<212.674276,220.701017,-0.500000>,<-0.011517,0.759764,-0.650097,0.000000,0.645430,-0.490918,-0.585166,0.000000,-0.763732,-0.426332,-0.484721,0.000000,0.000000,0.000000,0.000000,1.000000>,<15.000000>,<s10_s15>,<0>,<5456>
<158.726879,-222.454326,-0.500000>,<-0.667350,0.723381,-0.177098,0.000000,-0.634314,-0.676697,-0.373801,0.000000,-0.390242,-0.137120,0.910445,0.000000,0.000000,0.000000,0.000000,1.000000>,<15.000000>,<s10_s15>,<0>,<2145>
<-227.580065,-130.046290,-0.500000>,<-0.339845,0.763713,-0.548861,0.000000,0.054741,-0.566543,-0.822212,0.000000,-0.938887,-0.309470,0.150730,0.000000,0.000000,0.000000,0.000000,1.000000>,<15.000000>,<s10_s15>,<0>,<2807>
<-176.798474,-61.180418,-0.500000>,<-0.162440,0.326066,-0.931286,0.000000,0.958453,0.276427,-0.070394,0.000000,0.234480,-0.904029,-0.357422,0.000000,0.000000,0.000000,0.000000,1.000000>,<15.000000>,<s10_s15>,<0>,<3334>
<344.889686,7.982439,-0.500000>,<0.507566,0.775473,0.375524,0.000000,0.652278,-0.061072,-0.755516,0.000000,-0.562948,0.628420,-0.536822,0.000000,0.000000,0.000000,0.000000,1.000000>,<25.000000>,<s10_s25>,<0>,<3901>
<391.876695,33.305094,-0.500000>,<0.091016,-0.940393,-0.327683,0.000000,0.782172,0.271170,-0.560958,0.000000,0.616379,-0.205249,0.760230,0.000000,0.000000,0.000000,0.000000,1.000000>,<25.000000>,<s10_s25>,<0>,<4079>
<-6.293024,26.527057,-0.500000>,<-0.361005,0.013665,0.932464,0.000000,0.221764,0.972468,0.071605,0.000000,-0.905812,0.232637,-0.354096,0.000000,0.000000,0.000000,0.000000,1.000000>,<15.000000>,<s10_s15>,<0>,<4045>
<275.822197,388.350009,-0.500000>,<-0.180929,-0.906163,0.382273,0.000000,-0.389887,-0.290755,-0.873756,0.000000,0.902914,-0.307131,-0.300695,0.000000,0.000000,0.000000,0.000000,1.000000>,<25.000000>,<s10_s25>,<0>,<6766>
<-76.767631,43.785623,-0.500000>,<0.300696,0.267489,0.915441,0.000000,-0.953355,0.057754,0.296274,0.000000,0.026380,-0.961828,0.272379,0.000000,0.000000,0.000000,0.000000,1.000000>,<15.000000>,<s10_s15>,<0>,<4125>
<226.421546,296.107589,-0.500000>,<0.806021,-0.574483,-0.142479,0.000000,0.309632,0.614407,-0.725695,0.000000,0.504439,0.540809,0.673103,0.000000,0.000000,0.000000,0.000000,1.000000>,<25.000000>,<s10_s25>,<0>,<6066>
<286.408610,238.697658,-0.500000>,<-0.429274,-0.196006,0.881649,0.000000,0.518228,-0.852941,0.062701,0.000000,0.739705,0.483811,0.467721,0.000000,0.000000,0.000000,0.000000,1.000000>,<15.000000>,<s10_s15>,<0>,<5636>
<-130.785106,-74.542599,-0.500000>,<0.945689,0.269961,-0.181088,0.000000,0.033728,0.472580,0.880642,0.000000,0.323318,-0.838922,0.437808,0.000000,0.000000,0.000000,0.000000,1.000000>,<15.000000>,<s10_s15>,<0>,<3251>
<255.191914,331.958541,-0.500000>,<-0.343189,-0.889857,-0.300625,0.000000,0.307864,0.195812,-0.931062,0.000000,0.887379,-0.412082,0.206755,0.000000,0.000000,0.000000,0.000000,1.000000>,<25.000000>,<s10_s25>,<0>,<6329>
<66.543595,91.507085,-0.500000>,<0.861376,-0.168282,0.479283,0.000000,-0.440734,-0.716705,0.540451,0.000000,0.252557,-0.676768,-0.691520,0.000000,0.000000,0.000000,0.000000,1.000000>,<15.000000>,<s10_s15>,<0>,<4486>
<-98.218616,-210.685112,-0.500000>,<-0.671992,-0.600399,-0.433530,0.000000,0.042069,-0.615414,0.787081,0.000000,-0.739363,0.510673,0.438811,0.000000,0.000000,0.000000,0.000000,1.000000>,<25.000000>,<s10_s25>,<0>,<2210>
<-257.507702,3.359148,-0.500000>,<-0.799286,0.412650,0.436878,0.000000,0.272916,-0.398436,0.875652,0.000000,0.535405,0.819127,0.205845,0.000000,0.000000,0.000000,0.000000,1.000000>,<25.000000>,<s10_s25>,<0>,<3849>
<240.361214,8.644536,-0.500000>,<0.900480,-0.102259,-0.422705,0.000000,0.434304,0.262230,0.861752,0.000000,0.022724,-0.959572,0.280544,0.000000,0.000000,0.000000,0.000000,1.000000>,<25.000000>,<s10_s25>,<0>,<3892>
<253.905091,264.445182,-0.500000>,<-0.383456,-0.844064,-0.374856,0.000000,0.788410,-0.087774,-0.608856,0.000000,0.481011,-0.529010,0.699126,0.000000,0.000000,0.000000,0.000000,1.000000>,<25.000000>,<s10_s25>,<0>,<5807>
<-305.747231,20.173735,-0.500000>,<0.551574,0.818718,0.159583,0.000000,0.831388,-0.555096,-0.025721,0.000000,0.067526,0.146863,-0.986849,0.000000,0.000000,0.000000,0.000000,1.000000>,<25.000000>,<s10_s25>,<0>,<3932>
<211.645539,-95.421409,-0.500000>,<0.444086,-0.857307,-0.260409,0.000000,-0.884816,-0.465366,0.023142,0.000000,-0.141025,0.220137,-0.965221,0.000000,0.000000,0.000000,0.000000,1.000000>,<25.000000>,<s10_s25>,<0>,<3107>
<-65.141228,-82.686030,-0.500000>,<-0.041338,0.745149,0.665615,0.000000,0.601064,-0.513611,0.612312,0.000000,0.798131,0.425389,-0.426650,0.000000,0.000000,0.000000,0.000000,1.000000>,<25.000000>,<s10_s25>,<0>,<3170>
<-66.011791,-406.288224,-0.500000>,<-0.785231,-0.474328,-0.398026,0.000000,0.086419,-0.720462,0.688088,0.000000,-0.613142,0.505912,0.606721,0.000000,0.000000,0.000000,0.000000,1.000000>,<15.000000>,<s10_s15>,<0>,<734>
<-385.202968,-406.488519,-0.500000>,<-0.940842,0.129457,-0.313140,0.000000,0.116951,-0.743286,-0.658672,0.000000,-0.318022,-0.656329,0.684175,0.000000,0.000000,0.000000,0.000000,1.000000>,<25.000000>,<s10_s25>,<0>,<706>
<-170.634456,380.422677,-0.500000>,<0.629124,0.680231,0.376150,0.000000,0.239338,-0.629926,0.738858,0.000000,0.739540,-0.374806,-0.559107,0.000000,0.000000,0.000000,0.000000,1.000000>,<25.000000>,<s10_s25>,<0>,<6640>
<183.623661,-355.866964,-0.500000>,<0.288136,-0.156763,-0.944671,0.000000,-0.846362,-0.503157,-0.174655,0.000000,-0.447938,0.849858,-0.277656,0.000000,0.000000,0.000000,0.000000,1.000000>,<25.000000>,<s10_s25>,<0>,<1190>
<220.853541,92.296377,-0.500000>,<-0.298627,-0.692436,-0.656776,0.000000,-0.857830,0.496355,-0.133262,0.000000,0.418269,0.523607,-0.742217,0.000000,0.000000,0.000000,0.000000,1.000000>,<15.000000>,<s10_s15>,<0>,<4499>
<-29.387464,230.148855,-0.500000>,<0.613727,-0.682105,-0.397582,0.000000,0.662292,0.718910,-0.211040,0.000000,0.429777,-0.133795,0.892968,0.000000,0.000000,0.000000,0.000000,1.000000>,<15.000000>,<s10_s15>,<0>,<5522>
<62.946624,169.087352,-0.500000>,<-0.678740,-0.402590,-0.614193,0.000000,-0.196637,0.905436,-0.376191,0.000000,0.707563,-0.134563,-0.693720,0.000000,0.000000,0.000000,0.000000,1.000000>,<25.000000>,<s10_s25>,<0>,<5095>
<-327.695840,331.085396,-0.500000>,<0.554404,0.813520,0.175557,0.000000,0.791506,-0.450208,-0.413316,0.000000,-0.257204,0.368099,-0.893504,0.000000,0.000000,0.000000,0.000000,1.000000>,<15.000000>,<s10_s15>,<0>,<6279>
<-395.823593,-338.458799,-0.500000>,<0.647170,0.697031,-0.308737,0.000000,0.411070,-0.660130,-0.628688,0.000000,-0.642023,0.279955,-0.713745,0.000000,0.000000,0.000000,0.000000,1.000000>,<25.000000>,<s10_s25>,<0>,<1227>
<-125.136763,-276.550690,-0.500000>,<0.060445,-0.810313,-0.582872,0.000000,-0.705954,-0.447530,0.548950,0.000000,-0.705674,0.378299,-0.599095,0.000000,0.000000,0.000000,0.000000,1.000000>,<15.000000>,<s10_s15>,<0>,<1685>
<327.012960,191.373242,-0.500000>,<-0.272334,-0.951697,0.141800,0.000000,0.001018,0.147085,0.989123,0.000000,-0.962202,0.269517,-0.039087,0.000000,0.000000,0.000000,0.000000,1.000000>,<15.000000>,<s10_s15>,<0>,<5292>
<146.773963,321.899867,-0.500000>,<0.182361,-0.981187,0.063378,0.000000,0.023617,-0.060069,-0.997915,0.000000,0.982948,0.183478,0.012219,0.000000,0.000000,0.000000,0.000000,1.000000>,<25.000000>,<s10_s25>,<0>,<6233>
<-343.515506,-311.800500,-0.500000>,<-0.991564,-0.090161,0.093124,0.000000,0.026885,-0.845878,-0.532698,0.000000,0.126800,-0.525700,0.841166,0.000000,0.000000,0.000000,0.000000,1.000000>,<15.000000>,<s10_s15>,<0>,<1406>
<137.319135,-121.519223,-0.500000>,<-0.080891,0.817535,0.570170,0.000000,-0.030462,0.569750,-0.821254,0.000000,-0.996257,-0.083801,-0.021184,0.000000,0.000000,0.000000,0.000000,1.000000>,<25.000000>,<s10_s25>,<0>,<2926>
<285.919693,-85.120572,-0.500000>,<-0.184229,-0.793757,-0.579664,0.000000,0.346163,-0.604370,0.717571,0.000000,-0.919908,-0.068461,0.386111,0.000000,0.000000,0.000000,0.000000,1.000000>,<15.000000>,<s10_s15>,<0>,<3200>
<-235.244500,-75.977417,-0.500000>,<-0.649648,0.747380,-0.139216,0.000000,0.497905,0.279900,-0.820821,0.000000,-0.574499,-0.602560,-0.553960,0.000000,0.000000,0.000000,0.000000,1.000000>,<25.000000>,<s10_s25>,<0>,<3242>
<-39.715625,-344.163062,-0.500000>,<0.851486,0.138645,-0.505717,0.000000,0.488376,0.141508,0.861084,0.000000,0.190947,-0.980180,0.052781,0.000000,0.000000,0.000000,0.000000,1.000000>,<25.000000>,<s10_s25>,<0>,<1171>
<338.327666,150.068155,-0.500000>,<-0.905591,0.337774,-0.256541,0.000000,-0.332996,-0.191557,0.923266,0.000000,0.262713,0.921528,0.285950,0.000000,0.000000,0.000000,0.000000,1.000000>,<25.000000>,<s10_s25>,<0>,<4945>
<378.128779,-297.602239,-0.500000>,<0.984546,-0.078156,0.156718,0.000000,-0.138501,-0.895158,0.423685,0.000000,0.107174,-0.438843,-0.892150,0.000000,0.000000,0.000000,0.000000,1.000000>,<25.000000>,<s10_s25>,<0>,<1642>
<-326.574571,-64.580500,-0.500000>,<-0.527863,-0.848961,0.025011,0.000000,-0.832393,0.511261,-0.213856,0.000000,0.168769,-0.133706,-0.976545,0.000000,0.000000,0.000000,0.000000,1.000000>,<25.000000>,<s10_s25>,<0>,<3321>
<-22.600492,305.101062,-0.500000>,<-0.124983,0.470937,-0.873268,0.000000,0.960904,-0.161724,-0.224740,0.000000,-0.247067,-0.867216,-0.432313,0.000000,0.000000,0.000000,0.000000,1.000000>,<15.000000>,<s10_s15>,<0>,<6131>
<124.581711,241.959400,-0.500000>,<-0.156652,0.791652,-0.590548,0.000000,-0.041750,0.592088,0.804791,0.000000,0.986771,0.150727,-0.059700,0.000000,0.000000,0.000000,0.000000,1.000000>,<15.000000>,<s10_s15>,<0>,<5622>
<276.623788,-177.251807,-0.500000>,<-0.900074,-0.374184,-0.223278,0.000000,0.400716,-0.509534,-0.761447,0.000000,0.171153,-0.774830,0.608560,0.000000,0.000000,0.000000,0.000000,1.000000>,<25.000000>,<s10_s25>,<0>,<2503>
<78.914509,228.913316,-0.500000>,<-0.185984,0.781188,0.595949,0.000000,0.923535,-0.068057,0.377428,0.000000,0.335401,0.620575,-0.708797,0.000000,0.000000,0.000000,0.000000,1.000000>,<25.000000>,<s10_s25>,<0>,<5531>
<341.524678,-108.543298,-0.500000>,<0.740321,-0.622020,-0.254982,0.000000,0.343399,0.023836,0.938887,0.000000,-0.577929,-0.782639,0.231247,0.000000,0.000000,0.000000,0.000000,1.000000>,<15.000000>,<s10_s15>,<0>,<3031>
<81.837487,-180.304094,-0.500000>,<0.203637,0.846993,-0.491055,0.000000,-0.889018,0.370063,0.269631,0.000000,0.410097,0.381650,0.828350,0.000000,0.000000,0.000000,0.000000,1.000000>,<15.000000>,<s10_s15>,<0>,<2399>
<2.615186,-80.452433,-0.500000>,<0.715438,-0.294452,0.633598,0.000000,0.524353,-0.373032,-0.765441,0.000000,0.461738,0.879855,-0.112485,0.000000,0.000000,0.000000,0.000000,1.000000>,<15.000000>,<s10_s15>,<0>,<3263>
<368.990369,-253.060472,-0.500000>,<0.468010,-0.868175,0.165042,0.000000,0.740165,0.487123,0.463538,0.000000,-0.482827,-0.094782,0.870571,0.000000,0.000000,0.000000,0.000000,1.000000>,<25.000000>,<s10_s25>,<0>,<1902>
<-194.399763,-25.347514,-0.500000>,<0.274732,0.637630,-0.719688,0.000000,0.875708,-0.475018,-0.086567,0.000000,-0.397063,-0.606453,-0.688880,0.000000,0.000000,0.000000,0.000000,1.000000>,<15.000000>,<s10_s15>,<0>,<3593>
<391.231815,264.049729,-0.500000>,<-0.432243,0.744754,0.508437,0.000000,0.208680,0.631135,-0.747075,0.000000,-0.877279,-0.216817,-0.428219,0.000000,0.000000,0.000000,0.000000,1.000000>,<25.000000>,<s10_s25>,<0>,<5819>
<-117.227791,285.217816,-0.500000>,<0.241903,-0.156143,0.957655,0.000000,-0.968485,0.021496,0.248143,0.000000,-0.059331,-0.987501,-0.146022,0.000000,0.000000,0.000000,0.000000,1.000000>,<25.000000>,<s10_s25>,<0>,<5949>
<281.913095,84.507167,-0.500000>,<0.074168,0.779877,-0.621523,0.000000,-0.599893,-0.462975,-0.652521,0.000000,-0.796635,0.421243,0.433505,0.000000,0.000000,0.000000,0.000000,1.000000>,<15.000000>,<s10_s15>,<0>,<4418>
<-289.186741,-177.297057,-0.500000>,<-0.358927,-0.812063,-0.460135,0.000000,0.448685,0.282168,-0.847976,0.000000,0.818446,-0.510817,0.263083,0.000000,0.000000,0.000000,0.000000,1.000000>,<15.000000>,<s10_s15>,<0>,<2454>
<20.142995,150.728503,-0.500000>,<0.588914,-0.424853,-0.687518,0.000000,0.263670,-0.703138,0.660360,0.000000,-0.763976,-0.570173,-0.302066,0.000000,0.000000,0.000000,0.000000,1.000000>,<15.000000>,<s10_s15>,<0>,<4917>
<84.032197,345.949896,-0.500000>,<-0.665658,0.553905,-0.500089,0.000000,0.609699,0.017256,-0.792445,0.000000,-0.430310,-0.832401,-0.349202,0.000000,0.000000,0.000000,0.000000,1.000000>,<25.000000>,<s10_s25>,<0>,<6401>
<159.424226,367.903922,-0.500000>,<-0.488165,-0.836236,0.249810,0.000000,-0.772227,0.547231,0.322806,0.000000,-0.406646,-0.035327,-0.912903,0.000000,0.000000,0.000000,0.000000,1.000000>,<25.000000>,<s10_s25>,<0>,<6582>
<-26.744570,171.379198,-0.500000>,<0.058560,-0.996828,-0.053894,0.000000,-0.813362,-0.016341,-0.581528,0.000000,0.578803,0.077890,-0.811739,0.000000,0.000000,0.000000,0.000000,1.000000>,<15.000000>,<s10_s15>,<0>,<5087>
<-255.620233,246.782853,-0.500000>,<-0.509115,0.613557,-0.603614,0.000000,0.659702,-0.172259,-0.731519,0.000000,-0.552806,-0.770633,-0.317066,0.000000,0.000000,0.000000,0.000000,1.000000>,<15.000000>,<s10_s15>,<0>,<5676>
<-133.017366,-117.696543,-0.500000>,<-0.494816,0.197792,-0.846189,0.000000,-0.868620,-0.141301,0.474904,0.000000,-0.025635,0.970006,0.241724,0.000000,0.000000,0.000000,0.000000,1.000000>,<25.000000>,<s10_s25>,<0>,<2903>
<-391.662987,-164.559693,-0.500000>,<0.978771,-0.130270,-0.158233,0.000000,0.058365,-0.562909,0.824456,0.000000,-0.196472,-0.816189,-0.543355,0.000000,0.000000,0.000000,0.000000,1.000000>,<25.000000>,<s10_s25>,<0>,<2532>
<192.961902,-175.984330,-0.500000>,<-0.629422,0.340902,-0.698293,0.000000,-0.057137,0.875894,0.479108,0.000000,0.774960,0.341460,-0.531829,0.000000,0.000000,0.000000,0.000000,1.000000>,<25.000000>,<s10_s25>,<0>,<2496>
<-73.552211,220.758623,-0.500000>,<0.667440,0.611889,-0.424400,0.000000,0.707487,-0.698881,0.105013,0.000000,-0.232349,-0.370347,-0.899365,0.000000,0.000000,0.000000,0.000000,1.000000>,<25.000000>,<s10_s25>,<0>,<5518>
<7.901349,-290.205893,-0.500000>,<0.873412,0.481513,0.072771,0.000000,-0.416245,0.660599,0.624779,0.000000,0.252767,-0.575980,0.777403,0.000000,0.000000,0.000000,0.000000,1.000000>,<25.000000>,<s10_s25>,<0>,<1610>
<-286.298851,-393.546953,-0.500000>,<-0.004274,-0.970844,0.239673,0.000000,0.483348,-0.211824,-0.849415,0.000000,0.875418,0.112215,0.470161,0.000000,0.000000,0.000000,0.000000,1.000000>,<15.000000>,<s10_s15>,<0>,<802>
<-363.798427,358.831608,-0.500000>,<0.104892,-0.245084,-0.963811,0.000000,0.519910,0.839681,-0.156937,0.000000,0.847757,-0.484633,0.215498,0.000000,0.000000,0.000000,0.000000,1.000000>,<15.000000>,<s10_s15>,<0>,<6450>
<-392.729383,-48.686265,-0.500000>,<0.265263,0.546126,-0.794595,0.000000,-0.939922,-0.037212,-0.339354,0.000000,-0.214898,0.836876,0.503445,0.000000,0.000000,0.000000,0.000000,1.000000>,<25.000000>,<s10_s25>,<0>,<3402>
<-408.347102,159.705541,-0.500000>,<0.295186,0.000456,0.955440,0.000000,-0.815486,-0.520942,0.252195,0.000000,0.497844,-0.853592,-0.153403,0.000000,0.000000,0.000000,0.000000,1.000000>,<25.000000>,<s10_s25>,<0>,<4967>
<-400.280957,309.151616,-0.500000>,<0.134681,0.960999,0.241539,0.000000,-0.348005,0.274106,-0.896526,0.000000,-0.927768,0.036689,0.371349,0.000000,0.000000,0.000000,0.000000,1.000000>,<25.000000>,<s10_s25>,<0>,<6099>
<-26.649924,345.438074,-0.500000>,<0.209510,-0.696829,-0.685955,0.000000,0.850832,0.475628,-0.223300,0.000000,0.481862,-0.536849,0.692533,0.000000,0.000000,0.000000,0.000000,1.000000>,<15.000000>,<s10_s15>,<0>,<6392>
<-245.798926,275.245801,-0.500000>,<-0.523791,0.851343,-0.029298,0.000000,0.547526,0.310121,-0.777200,0.000000,-0.652577,-0.423132,-0.628571,0.000000,0.000000,0.000000,0.000000,1.000000>,<15.000000>,<s10_s15>,<0>,<5851>
<-97.760638,-58.839127,-0.500000>,<-0.929984,0.366193,0.032125,0.000000,-0.358742,-0.885035,-0.296678,0.000000,-0.080209,-0.287431,0.954437,0.000000,0.000000,0.000000,0.000000,1.000000>,<15.000000>,<s10_s15>,<0>,<3341>
<206.590593,-143.677312,-0.500000>,<-0.419882,-0.770271,0.479982,0.000000,-0.530741,-0.220610,-0.818318,0.000000,0.736215,-0.598343,-0.316185,0.000000,0.000000,0.000000,0.000000,1.000000>,<15.000000>,<s10_s15>,<0>,<2758>
<-409.802045,-98.868983,-0.500000>,<0.474147,0.175081,0.862862,0.000000,0.229071,-0.970809,0.071109,0.000000,0.850124,0.163940,-0.500412,0.000000,0.000000,0.000000,0.000000,1.000000>,<25.000000>,<s10_s25>,<0>,<3053>
<330.839521,389.892624,-0.500000>,<-0.414086,-0.881962,0.225113,0.000000,0.771438,-0.208775,0.601079,0.000000,-0.483131,0.422559,0.766830,0.000000,0.000000,0.000000,0.000000,1.000000>,<25.000000>,<s10_s25>,<0>,<6771>
<-23.293737,-84.531492,-0.500000>,<0.033908,0.609293,-0.792220,0.000000,0.998158,0.019256,0.057532,0.000000,0.050309,-0.792711,-0.607518,0.000000,0.000000,0.000000,0.000000,1.000000>,<15.000000>,<s10_s15>,<0>,<3173>
<42.891696,-260.137135,-0.500000>,<-0.012557,0.463896,-0.885801,0.000000,-0.992076,0.104974,0.069039,0.000000,0.125013,0.879648,0.458902,0.000000,0.000000,0.000000,0.000000,1.000000>,<15.000000>,<s10_s15>,<0>,<1874>
<-58.606233,333.392611,-0.500000>,<0.961714,-0.181972,0.204922,0.000000,0.037926,-0.652173,-0.757121,0.000000,0.271420,0.735905,-0.620303,0.000000,0.000000,0.000000,0.000000,1.000000>,<15.000000>,<s10_s15>,<0>,<6302>
<-128.128884,366.302940,-0.500000>,<-0.193796,-0.859175,-0.473563,0.000000,-0.656575,-0.245080,0.713333,0.000000,-0.728939,0.449171,-0.516617,0.000000,0.000000,0.000000,0.000000,1.000000>,<25.000000>,<s10_s25>,<0>,<6557>
<-175.447210,-409.962921,-0.500000>,<0.209323,-0.921838,0.326187,0.000000,-0.575355,0.153613,0.803349,0.000000,-0.790664,-0.355833,-0.498230,0.000000,0.000000,0.000000,0.000000,1.000000>,<15.000000>,<s10_s15>,<0>,<724>
<163.290056,216.538766,-0.500000>,<-0.341696,-0.899466,0.272405,0.000000,0.936655,-0.302195,0.177076,0.000000,-0.076954,0.315655,0.945748,0.000000,0.000000,0.000000,0.000000,1.000000>,<15.000000>,<s10_s15>,<0>,<5452>
<-127.286962,135.380116,-0.500000>,<0.678556,0.042112,0.733341,0.000000,-0.699758,0.340673,0.627918,0.000000,-0.223386,-0.939238,0.260634,0.000000,0.000000,0.000000,0.000000,1.000000>,<15.000000>,<s10_s15>,<0>,<4817>
<95.934592,61.264647,-0.500000>,<-0.826080,-0.060217,-0.560327,0.000000,0.523202,0.287511,-0.802245,0.000000,0.209409,-0.955882,-0.206001,0.000000,0.000000,0.000000,0.000000,1.000000>,<25.000000>,<s10_s25>,<0>,<4315>
<-335.681216,-409.887625,-0.500000>,<-0.380748,-0.696178,-0.608577,0.000000,-0.871357,0.490395,-0.015831,0.000000,0.309464,0.524260,-0.793337,0.000000,0.000000,0.000000,0.000000,1.000000>,<25.000000>,<s10_s25>,<0>,<710>
