<-386.121758,199.681614,-0.500000>,<-0.544071,0.839039,0.000000,0.000000,-0.839039,-0.544071,0.000000,0.000000,0.000000,0.000000,1.000000,0.000000,0.000000,0.000000,0.000000,1.000000>,<25.000000>,<c10_c25>,<-1>,<6254>
<-20.020144,233.887920,-0.500000>,<-0.992450,-0.122647,0.000000,0.000000,0.122647,-0.992450,0.000000,0.000000,0.000000,0.000000,1.000000,0.000000,0.000000,0.000000,0.000000,1.000000>,<25.000000>,<c10_c25>,<-1>,<6574>
<255.088641,4.561238,-0.500000>,<-0.987204,-0.159464,0.000000,0.000000,0.159464,-0.987204,0.000000,0.000000,0.000000,0.000000,1.000000,0.000000,0.000000,0.000000,0.000000,1.000000>,<25.000000>,<c10_c25>,<-1>,<4678>
<176.930117,361.957277,-0.500000>,<-0.885537,-0.464569,0.000000,0.000000,0.464569,-0.885537,0.000000,0.000000,0.000000,0.000000,1.000000,0.000000,0.000000,0.000000,0.000000,1.000000>,<25.000000>,<c10_c25>,<-1>,<7647>
<173.716883,25.837217,-0.500000>,<-0.998691,0.051148,0.000000,0.000000,-0.051148,-0.998691,0.000000,0.000000,0.000000,0.000000,1.000000,0.000000,0.000000,0.000000,0.000000,1.000000>,<25.000000>,<c10_c25>,<-1>,<4863>
<417.321882,-174.369250,-0.500000>,<0.914288,0.405064,0.000000,0.000000,-0.405064,0.914288,0.000000,0.000000,0.000000,0.000000,1.000000,0.000000,0.000000,0.000000,0.000000,1.000000>,<25.000000>,<c10_c25>,<-1>,<3156>
<-285.890179,-201.990100,-0.500000>,<-0.355042,0.934850,0.000000,0.000000,-0.934850,-0.355042,0.000000,0.000000,0.000000,0.000000,1.000000,0.000000,0.000000,0.000000,0.000000,1.000000>,<25.000000>,<c10_c25>,<-1>,<2903>
<93.072585,-283.197313,-0.500000>,<0.732284,-0.672548,-0.106956,0.000000,-0.680722,-0.718420,-0.143140,0.000000,0.019429,0.177627,-0.983906,0.000000,0.000000,0.000000,0.000000,1.000000>,<25.000000>,<s10_s25>,<-1>,<2264>
<-84.530946,441.637860,-0.500000>,<0.502193,-0.304688,-0.809301,0.000000,-0.710260,-0.679186,-0.185033,0.000000,-0.493288,0.667736,-0.557490,0.000000,0.000000,0.000000,0.000000,1.000000>,<25.000000>,<s10_s25>,<-1>,<8296>
<361.952964,-390.010845,-0.500000>,<-0.524842,-0.382176,-0.760580,0.000000,-0.802206,0.520856,0.291847,0.000000,0.284615,0.763315,-0.579951,0.000000,0.000000,0.000000,0.000000,1.000000>,<25.000000>,<s10_s25>,<-1>,<1423>
<-436.380394,80.861633,-0.500000>,<0.824012,-0.489745,0.284876,0.000000,-0.558046,-0.614649,0.557488,0.000000,-0.097928,-0.618350,-0.779778,0.000000,0.000000,0.000000,0.000000,1.000000>,<15.000000>,<s10_s15>,<-1>,<5290>
<422.883904,443.920806,-0.500000>,<-0.180291,0.775599,0.604931,0.000000,-0.258226,-0.630759,0.731753,0.000000,0.949112,-0.024281,0.314000,0.000000,0.000000,0.000000,0.000000,1.000000>,<15.000000>,<s10_s15>,<-1>,<8340>
<42.259589,297.122214,-0.500000>,<0.850300,0.210382,0.482420,0.000000,0.222100,-0.974449,0.033488,0.000000,0.477138,0.078671,-0.875300,0.000000,0.000000,0.000000,0.000000,1.000000>,<15.000000>,<s10_s15>,<-1>,<7059>
<217.046422,-26.944581,-0.500000>,<0.062927,-0.856679,-0.511997,0.000000,-0.694174,-0.406158,0.594271,0.000000,-0.717051,0.318019,-0.620243,0.000000,0.000000,0.000000,0.000000,1.000000>,<15.000000>,<s10_s15>,<-1>,<4386>
<42.656869,259.313385,-0.500000>,<0.886957,0.460756,0.031802,0.000000,-0.461853,0.884832,0.061355,0.000000,0.000130,-0.069107,0.997609,0.000000,0.000000,0.000000,0.000000,1.000000>,<15.000000>,<s10_s15>,<-1>,<6771>
<-444.142452,-236.031619,-0.500000>,<-0.110528,0.678699,0.726052,0.000000,0.889510,-0.258322,0.376885,0.000000,0.443347,0.687487,-0.575157,0.000000,0.000000,0.000000,0.000000,1.000000>,<15.000000>,<s10_s15>,<-1>,<2601>
<-134.465162,485.554713,-0.500000>,<-0.916732,-0.358004,-0.177300,0.000000,-0.163436,-0.068887,0.984146,0.000000,-0.364542,0.931175,0.004640,0.000000,0.000000,0.000000,0.000000,1.000000>,<25.000000>,<s10_s25>,<-1>,<8676>
<304.530072,389.842648,-0.500000>,<-0.212655,-0.044301,0.976122,0.000000,0.966173,-0.158694,0.203286,0.000000,0.145899,0.986334,0.076549,0.000000,0.000000,0.000000,0.000000,1.000000>,<25.000000>,<s10_s25>,<-1>,<7850>
<-42.012809,-300.642604,-0.500000>,<0.830793,-0.392199,0.394921,0.000000,-0.263519,-0.902156,-0.341574,0.000000,0.490245,0.179708,-0.852857,0.000000,0.000000,0.000000,0.000000,1.000000>,<15.000000>,<s10_s15>,<-1>,<2060>
<-367.856084,283.335778,-0.500000>,<-0.205070,-0.589441,0.781349,0.000000,-0.762820,0.596437,0.249738,0.000000,-0.613231,-0.544814,-0.571949,0.000000,0.000000,0.000000,0.000000,1.000000>,<15.000000>,<s10_s15>,<-1>,<6928>
<85.316917,-145.148088,-0.500000>,<0.244917,0.949814,0.194601,0.000000,-0.939568,0.182991,0.289355,0.000000,0.239223,-0.253709,0.937232,0.000000,0.000000,0.000000,0.000000,1.000000>,<15.000000>,<s10_s15>,<-1>,<3415>
<82.481744,-51.933664,-0.500000>,<0.231493,0.798281,0.556020,0.000000,0.685380,-0.539445,0.489135,0.000000,0.690409,0.267854,-0.672004,0.000000,0.000000,0.000000,0.000000,1.000000>,<25.000000>,<s10_s25>,<-1>,<4183>
<155.801629,-297.709323,-0.500000>,<0.936126,0.250387,0.246931,0.000000,-0.340937,0.818308,0.462747,0.000000,-0.086200,-0.517377,0.851405,0.000000,0.000000,0.000000,0.000000,1.000000>,<25.000000>,<s10_s25>,<-1>,<2173>
<469.378310,-494.334046,-0.500000>,<-0.604587,-0.659970,0.445997,0.000000,-0.474346,-0.151503,-0.867204,0.000000,0.639899,-0.735857,-0.221457,0.000000,0.000000,0.000000,0.000000,1.000000>,<25.000000>,<s10_s25>,<-1>,<568>
<82.805831,54.409132,-0.500000>,<0.969869,-0.171851,-0.172690,0.000000,0.224721,0.904819,0.361668,0.000000,0.094100,-0.389577,0.916174,0.000000,0.000000,0.000000,0.000000,1.000000>,<25.000000>,<s10_s25>,<-1>,<5047>
<94.934988,315.659349,-0.500000>,<-0.843137,-0.030578,0.536829,0.000000,-0.081583,0.994098,-0.071508,0.000000,-0.531474,-0.104087,-0.840655,0.000000,0.000000,0.000000,0.000000,1.000000>,<25.000000>,<s10_s25>,<-1>,<7256>
<-458.222592,45.284382,-0.500000>,<-0.603651,-0.063029,-0.794753,0.000000,-0.292322,0.944940,0.147092,0.000000,0.741723,0.321116,-0.588839,0.000000,0.000000,0.000000,0.000000,1.000000>,<25.000000>,<s10_s25>,<-1>,<5000>
<-303.983815,212.632254,-0.500000>,<0.534466,0.833217,-0.141762,0.000000,0.228382,0.019114,0.973384,0.000000,0.813749,-0.552616,-0.180076,0.000000,0.000000,0.000000,0.000000,1.000000>,<25.000000>,<s10_s25>,<-1>,<6357>
<-422.336057,314.916642,-0.500000>,<0.016354,0.544332,-0.838710,0.000000,0.908989,0.341322,0.239246,0.000000,0.416499,-0.766291,-0.489210,0.000000,0.000000,0.000000,0.000000,1.000000>,<25.000000>,<s10_s25>,<-1>,<7211>
<337.473692,6.511327,-0.500000>,<0.954312,-0.298422,0.015224,0.000000,0.072547,0.181969,-0.980624,0.000000,0.289870,0.936927,0.195305,0.000000,0.000000,0.000000,0.000000,1.000000>,<25.000000>,<s10_s25>,<-1>,<4685>
<486.188412,215.293819,-0.500000>,<-0.512883,-0.141042,0.846793,0.000000,-0.762832,0.527316,-0.374200,0.000000,-0.393750,-0.837881,-0.378043,0.000000,0.000000,0.000000,0.000000,1.000000>,<25.000000>,<s10_s25>,<-1>,<6426>
<-306.035585,418.847436,-0.500000>,<0.213601,-0.095303,-0.972261,0.000000,-0.162757,0.977849,-0.131608,0.000000,0.963268,0.186354,0.193358,0.000000,0.000000,0.000000,0.000000,1.000000>,<25.000000>,<s10_s25>,<-1>,<8085>
<486.582079,145.407149,-0.500000>,<0.730110,0.490058,-0.476216,0.000000,0.669955,-0.650565,0.357666,0.000000,-0.134533,-0.580179,-0.803301,0.000000,0.000000,0.000000,0.000000,1.000000>,<25.000000>,<s10_s25>,<-1>,<5850>
<412.798771,227.986587,-0.500000>,<0.258536,0.015802,-0.965872,0.000000,-0.731146,-0.650267,-0.206345,0.000000,-0.631335,0.759542,-0.156564,0.000000,0.000000,0.000000,0.000000,1.000000>,<15.000000>,<s10_s15>,<-1>,<6515>
<-41.152771,-35.519544,-0.500000>,<-0.402698,0.777236,-0.483464,0.000000,0.901341,0.244716,-0.357350,0.000000,-0.159434,-0.579670,-0.799101,0.000000,0.000000,0.000000,0.000000,1.000000>,<25.000000>,<s10_s25>,<-1>,<4268>
<-28.283151,-187.960151,-0.500000>,<-0.159094,-0.933000,0.322800,0.000000,-0.736490,0.329903,0.590547,0.000000,-0.657473,-0.143786,-0.739631,0.000000,0.000000,0.000000,0.000000,1.000000>,<25.000000>,<s10_s25>,<-1>,<3021>
<-478.522569,-205.210504,-0.500000>,<-0.230249,-0.002501,0.973128,0.000000,-0.449856,0.887006,-0.104160,0.000000,-0.862911,-0.461751,-0.205358,0.000000,0.000000,0.000000,0.000000,1.000000>,<15.000000>,<s10_s15>,<-1>,<2886>
<-465.901898,488.656016,-0.500000>,<0.062322,0.825454,-0.561018,0.000000,0.994286,-0.100160,-0.036917,0.000000,-0.086665,-0.555512,-0.826980,0.000000,0.000000,0.000000,0.000000,1.000000>,<15.000000>,<s10_s15>,<-1>,<8647>
<-501.115209,-491.157447,-0.500000>,<-0.657754,-0.739828,0.141467,0.000000,0.112480,0.089233,0.989639,0.000000,-0.744787,0.666852,0.024523,0.000000,0.000000,0.000000,0.000000,1.000000>,<25.000000>,<s10_s25>,<-1>,<484>
<398.259128,171.877514,-0.500000>,<0.777797,0.626388,-0.051671,0.000000,-0.153501,0.269038,0.950819,0.000000,0.609483,-0.731612,0.305408,0.000000,0.000000,0.000000,0.000000,1.000000>,<25.000000>,<s10_s25>,<-1>,<6034>
<423.013948,-377.507738,-0.500000>,<0.812208,0.179224,-0.555155,0.000000,-0.519420,0.655377,-0.548347,0.000000,0.265559,0.733730,0.625395,0.000000,0.000000,0.000000,0.000000,1.000000>,<25.000000>,<s10_s25>,<-1>,<1524>
<-210.471672,336.931056,-0.500000>,<-0.015395,-0.193623,0.980955,0.000000,-0.335886,0.925061,0.177319,0.000000,-0.941777,-0.326759,-0.079277,0.000000,0.000000,0.000000,0.000000,1.000000>,<25.000000>,<s10_s25>,<-1>,<7421>
<-288.894984,326.374413,-0.500000>,<0.211326,0.120615,0.969945,0.000000,-0.188850,0.978696,-0.080558,0.000000,-0.958998,-0.166150,0.229602,0.000000,0.000000,0.000000,0.000000,1.000000>,<25.000000>,<s10_s25>,<-1>,<7319>
<-293.835488,-375.328341,-0.500000>,<0.252331,-0.843760,0.473706,0.000000,-0.905199,-0.378837,-0.192604,0.000000,0.341969,-0.380198,-0.859364,0.000000,0.000000,0.000000,0.000000,1.000000>,<25.000000>,<s10_s25>,<-1>,<1462>
<-99.081640,17.799078,-0.500000>,<0.877743,-0.065577,-0.474623,0.000000,-0.404494,-0.632368,-0.660678,0.000000,-0.256811,0.771888,-0.581582,0.000000,0.000000,0.000000,0.000000,1.000000>,<25.000000>,<s10_s25>,<-1>,<4743>
<-432.339311,118.329832,-0.500000>,<-0.103957,0.324336,-0.940212,0.000000,-0.602997,0.731223,0.318915,0.000000,0.790941,0.600099,0.119558,0.000000,0.000000,0.000000,0.000000,1.000000>,<25.000000>,<s10_s25>,<-1>,<5578>
<-248.322660,-34.300042,-0.500000>,<-0.994680,-0.098429,-0.030384,0.000000,-0.071971,0.875057,-0.478639,0.000000,0.073699,-0.473906,-0.877486,0.000000,0.000000,0.000000,0.000000,1.000000>,<15.000000>,<s10_s15>,<-1>,<4250>
<-325.187655,-502.016627,-0.500000>,<0.835364,-0.493828,0.241457,0.000000,-0.079017,0.326816,0.941779,0.000000,-0.543989,-0.805807,0.233990,0.000000,0.000000,0.000000,0.000000,1.000000>,<15.000000>,<s10_s15>,<-1>,<403>
<-494.394074,409.068933,-0.500000>,<0.411595,0.627624,-0.660815,0.000000,-0.910414,0.250018,-0.329601,0.000000,-0.041650,0.737278,0.674304,0.000000,0.000000,0.000000,0.000000,1.000000>,<25.000000>,<s10_s25>,<-1>,<7973>
<-120.849754,79.774642,-0.500000>,<0.107316,-0.225446,-0.968327,0.000000,-0.957833,0.237653,-0.161484,0.000000,0.266531,0.944826,-0.190435,0.000000,0.000000,0.000000,0.000000,1.000000>,<25.000000>,<s10_s25>,<-1>,<5317>
<-317.178086,-152.486175,-0.500000>,<0.288381,-0.264484,-0.920263,0.000000,0.214631,0.954494,-0.207063,0.000000,0.933151,-0.137804,0.332024,0.000000,0.000000,0.000000,0.000000,1.000000>,<15.000000>,<s10_s15>,<-1>,<3380>
<-147.632842,-202.285703,-0.500000>,<-0.293428,0.131861,-0.946844,0.000000,-0.947124,0.094414,0.306663,0.000000,0.129833,0.986762,0.097185,0.000000,0.000000,0.000000,0.000000,1.000000>,<25.000000>,<s10_s25>,<-1>,<2915>
<302.113439,455.104191,-0.500000>,<-0.599067,-0.658860,0.454998,0.000000,0.800438,-0.507310,0.319275,0.000000,0.020467,0.555465,0.831288,0.000000,0.000000,0.000000,0.000000,1.000000>,<25.000000>,<s10_s25>,<-1>,<8426>
<-333.825730,312.234026,-0.500000>,<-0.660114,-0.595229,-0.458204,0.000000,0.535931,0.054214,-0.842519,0.000000,0.526333,-0.801725,0.283214,0.000000,0.000000,0.000000,0.000000,1.000000>,<25.000000>,<s10_s25>,<-1>,<7219>
<-494.441467,121.582958,-0.500000>,<0.851272,-0.027386,0.524009,0.000000,0.523849,-0.013305,-0.851707,0.000000,0.030297,0.999536,0.003020,0.000000,0.000000,0.000000,0.000000,1.000000>,<25.000000>,<s10_s25>,<-1>,<5573>
<-341.606475,-112.074343,-0.500000>,<0.908847,0.300405,0.289401,0.000000,-0.198890,-0.297766,0.933691,0.000000,0.366659,-0.906141,-0.210876,0.000000,0.000000,0.000000,0.000000,1.000000>,<25.000000>,<s10_s25>,<-1>,<3666>
<-329.866399,45.754581,-0.500000>,<0.494362,0.734806,-0.464399,0.000000,0.625504,0.070272,0.777050,0.000000,0.603615,-0.674628,-0.424884,0.000000,0.000000,0.000000,0.000000,1.000000>,<15.000000>,<s10_s15>,<-1>,<4915>
<-208.774611,-338.788135,-0.500000>,<-0.716599,0.697474,-0.004078,0.000000,-0.680734,-0.700650,-0.213755,0.000000,-0.151946,-0.150401,0.976879,0.000000,0.000000,0.000000,0.000000,1.000000>,<25.000000>,<s10_s25>,<-1>,<1758>
<96.961193,394.228474,-0.500000>,<-0.039112,0.824643,-0.564299,0.000000,-0.780416,0.327473,0.532646,0.000000,0.624036,0.461222,0.630757,0.000000,0.000000,0.000000,0.000000,1.000000>,<15.000000>,<s10_s15>,<-1>,<7928>
<-496.125792,322.258643,-0.500000>,<0.380448,0.256106,0.888633,0.000000,0.404062,-0.910355,0.089377,0.000000,0.831861,0.325060,-0.449825,0.000000,0.000000,0.000000,0.000000,1.000000>,<15.000000>,<s10_s15>,<-1>,<7300>
<-474.408798,153.965888,-0.500000>,<0.907955,-0.349268,-0.231579,0.000000,0.324235,0.235387,0.916223,0.000000,-0.265497,-0.906975,0.326966,0.000000,0.000000,0.000000,0.000000,1.000000>,<15.000000>,<s10_s15>,<-1>,<5863>
<119.746121,-481.968538,-0.500000>,<0.925530,0.047429,0.375692,0.000000,-0.374818,-0.026473,0.926720,0.000000,0.053899,-0.998524,-0.006724,0.000000,0.000000,0.000000,0.000000,1.000000>,<25.000000>,<s10_s25>,<-1>,<634>
<-56.060072,350.242459,-0.500000>,<0.097582,-0.500998,0.859930,0.000000,-0.440105,-0.796700,-0.414218,0.000000,0.892629,-0.338039,-0.298235,0.000000,0.000000,0.000000,0.000000,1.000000>,<25.000000>,<s10_s25>,<-1>,<7531>
<-229.973151,-73.755345,-0.500000>,<-0.514016,-0.029339,-0.857278,0.000000,0.267318,0.944165,-0.192595,0.000000,0.815063,-0.328163,-0.477474,0.000000,0.000000,0.000000,0.000000,1.000000>,<25.000000>,<s10_s25>,<-1>,<3964>
<-6.566819,-99.695237,-0.500000>,<0.272750,-0.512380,-0.814294,0.000000,0.495864,-0.650439,0.575368,0.000000,-0.824455,-0.560710,0.076663,0.000000,0.000000,0.000000,0.000000,1.000000>,<15.000000>,<s10_s15>,<-1>,<3791>
<350.781739,113.242940,-0.500000>,<0.898555,0.277672,-0.339848,0.000000,0.423426,-0.344966,0.837681,0.000000,0.115364,-0.896603,-0.427545,0.000000,0.000000,0.000000,0.000000,1.000000>,<25.000000>,<s10_s25>,<-1>,<5550>
<37.728329,455.661765,-0.500000>,<-0.182979,0.398742,-0.898623,0.000000,0.222989,-0.873399,-0.432955,0.000000,-0.957494,-0.279605,0.070898,0.000000,0.000000,0.000000,0.000000,1.000000>,<25.000000>,<s10_s25>,<-1>,<8403>
<-445.156116,346.454148,-0.500000>,<-0.447420,0.723343,-0.525919,0.000000,-0.888774,-0.425046,0.171513,0.000000,-0.099477,0.544161,0.833062,0.000000,0.000000,0.000000,0.000000,1.000000>,<15.000000>,<s10_s15>,<-1>,<7497>
<340.982790,-447.395382,-0.500000>,<-0.264170,-0.719847,-0.641899,0.000000,-0.961161,0.251626,0.113378,0.000000,0.079903,0.646919,-0.758361,0.000000,0.000000,0.000000,0.000000,1.000000>,<15.000000>,<s10_s15>,<-1>,<941>
<64.711553,-340.007136,-0.500000>,<0.713898,-0.622111,0.321446,0.000000,-0.081937,-0.530104,-0.843964,0.000000,0.695439,0.576167,-0.429414,0.000000,0.000000,0.000000,0.000000,1.000000>,<15.000000>,<s10_s15>,<-1>,<1781>
<-467.843788,-285.450081,-0.500000>,<0.740446,0.650669,-0.168431,0.000000,-0.527524,0.717896,0.454251,0.000000,0.416483,-0.247497,0.874807,0.000000,0.000000,0.000000,0.000000,1.000000>,<25.000000>,<s10_s25>,<-1>,<2215>
<-374.836033,-69.162276,-0.500000>,<0.684782,-0.421132,0.594745,0.000000,0.722627,0.497952,-0.479430,0.000000,-0.094251,0.758084,0.645310,0.000000,0.000000,0.000000,0.000000,1.000000>,<25.000000>,<s10_s25>,<-1>,<4047>
<123.155861,-145.847491,-0.500000>,<-0.725924,0.657259,0.202595,0.000000,0.575232,0.741673,-0.345007,0.000000,-0.377018,-0.133910,-0.916475,0.000000,0.000000,0.000000,0.000000,1.000000>,<25.000000>,<s10_s25>,<-1>,<3418>
<396.368793,260.872413,-0.500000>,<-0.823684,0.421678,0.379120,0.000000,0.130337,-0.509895,0.850306,0.000000,0.551867,0.749796,0.365032,0.000000,0.000000,0.000000,0.000000,1.000000>,<15.000000>,<s10_s15>,<-1>,<6802>
<5.368318,-15.533561,-0.500000>,<0.705885,-0.131352,0.696041,0.000000,-0.293660,0.839959,0.456325,0.000000,-0.644585,-0.526512,0.554342,0.000000,0.000000,0.000000,0.000000,1.000000>,<25.000000>,<s10_s25>,<-1>,<4464>
<-66.511816,-88.662152,-0.500000>,<-0.677467,0.718332,-0.158234,0.000000,0.165607,0.358558,0.918700,0.000000,0.716668,0.596184,-0.361872,0.000000,0.000000,0.000000,0.000000,1.000000>,<15.000000>,<s10_s15>,<-1>,<3882>
<208.825354,-435.525706,-0.500000>,<0.953304,-0.068793,-0.294072,0.000000,0.282389,-0.142218,0.948699,0.000000,-0.107086,-0.987442,-0.116150,0.000000,0.000000,0.000000,0.000000,1.000000>,<15.000000>,<s10_s15>,<-1>,<1026>
<315.739108,-378.837929,-0.500000>,<-0.867133,-0.225523,-0.444094,0.000000,-0.006302,0.896515,-0.442969,0.000000,0.498037,-0.381314,-0.778819,0.000000,0.000000,0.000000,0.000000,1.000000>,<15.000000>,<s10_s15>,<-1>,<1515>
<-178.886654,-398.375048,-0.500000>,<-0.193437,-0.030495,-0.980639,0.000000,-0.410667,-0.905228,0.109157,0.000000,-0.891030,0.423831,0.162581,0.000000,0.000000,0.000000,0.000000,1.000000>,<15.000000>,<s10_s15>,<-1>,<1280>
<-68.748139,-344.786656,-0.500000>,<-0.151608,-0.840501,0.520166,0.000000,0.961982,-0.246411,-0.117779,0.000000,0.227168,0.482534,0.845905,0.000000,0.000000,0.000000,0.000000,1.000000>,<15.000000>,<s10_s15>,<-1>,<1770>
<-202.691022,-52.724165,-0.500000>,<-0.783496,-0.519259,-0.341327,0.000000,0.457156,-0.853711,0.249373,0.000000,-0.420884,0.039343,0.906261,0.000000,0.000000,0.000000,0.000000,1.000000>,<15.000000>,<s10_s15>,<-1>,<4158>
<-227.550863,-132.966058,-0.500000>,<0.704984,-0.391275,-0.591525,0.000000,-0.684776,-0.158430,-0.711324,0.000000,0.184608,0.906534,-0.379626,0.000000,0.000000,0.000000,0.000000,1.000000>,<25.000000>,<s10_s25>,<-1>,<3484>
<422.485203,117.436015,-0.500000>,<0.644667,0.609169,-0.461862,0.000000,-0.753378,0.403747,-0.519047,0.000000,-0.129713,0.682570,0.719217,0.000000,0.000000,0.000000,0.000000,1.000000>,<15.000000>,<s10_s15>,<-1>,<5652>
<469.871043,-251.319050,-0.500000>,<-0.229117,0.943054,-0.241151,0.000000,0.313688,-0.162991,-0.935432,0.000000,-0.921469,-0.289970,-0.258481,0.000000,0.000000,0.000000,0.000000,1.000000>,<25.000000>,<s10_s25>,<-1>,<2585>
<-387.461346,466.705441,-0.500000>,<0.121170,-0.268002,-0.955768,0.000000,0.899407,-0.377746,0.219946,0.000000,-0.419983,-0.886275,0.195271,0.000000,0.000000,0.000000,0.000000,1.000000>,<25.000000>,<s10_s25>,<-1>,<8462>
<-455.639058,-496.273304,-0.500000>,<0.030770,-0.561704,0.826766,0.000000,-0.262456,-0.802673,-0.535567,0.000000,0.964453,-0.200510,-0.172120,0.000000,0.000000,0.000000,0.000000,1.000000>,<25.000000>,<s10_s25>,<-1>,<488>
<-97.609916,270.070106,-0.500000>,<-0.212856,-0.500992,0.838868,0.000000,0.714177,-0.665691,-0.216350,0.000000,0.666816,0.553048,0.499494,0.000000,0.000000,0.000000,0.000000,1.000000>,<25.000000>,<s10_s25>,<-1>,<6855>
<-102.078110,-94.621937,-0.500000>,<-0.286990,0.261065,-0.921673,0.000000,-0.943618,0.088672,0.318940,0.000000,0.164991,0.961240,0.220898,0.000000,0.000000,0.000000,0.000000,1.000000>,<25.000000>,<s10_s25>,<-1>,<3783>
<316.744611,-480.439275,-0.500000>,<-0.743431,0.258361,-0.616895,0.000000,-0.254680,-0.962241,-0.096075,0.000000,-0.618424,0.085685,0.781159,0.000000,0.000000,0.000000,0.000000,1.000000>,<15.000000>,<s10_s15>,<-1>,<651>
<-53.197800,-465.813080,-0.500000>,<0.677106,-0.536065,0.504144,0.000000,0.045112,0.714035,0.698655,0.000000,-0.734501,-0.450321,0.507661,0.000000,0.000000,0.000000,0.000000,1.000000>,<25.000000>,<s10_s25>,<-1>,<715>
<-7.556104,-398.484373,-0.500000>,<-0.918349,-0.388130,0.077390,0.000000,-0.238220,0.385944,-0.891234,0.000000,0.316047,-0.836900,-0.446892,0.000000,0.000000,0.000000,0.000000,1.000000>,<25.000000>,<s10_s25>,<-1>,<1295>
<459.622590,-462.234755,-0.500000>,<-0.605719,0.515603,-0.606018,0.000000,0.788739,0.288718,-0.542708,0.000000,-0.104854,-0.806719,-0.581558,0.000000,0.000000,0.000000,0.000000,1.000000>,<15.000000>,<s10_s15>,<-1>,<856>
<77.153917,120.011723,-0.500000>,<0.002117,0.814512,0.580143,0.000000,-0.508276,0.500493,-0.700830,0.000000,-0.861191,-0.293389,0.415057,0.000000,0.000000,0.000000,0.000000,1.000000>,<25.000000>,<s10_s25>,<-1>,<5622>
<-183.670361,490.156158,-0.500000>,<-0.325639,-0.867078,0.377008,0.000000,-0.160930,0.443753,0.881581,0.000000,-0.931698,0.226405,-0.284042,0.000000,0.000000,0.000000,0.000000,1.000000>,<25.000000>,<s10_s25>,<-1>,<8672>
<474.150480,-391.488914,-0.500000>,<-0.821741,0.567258,0.054405,0.000000,-0.568205,-0.822883,-0.002404,0.000000,0.043405,-0.032889,0.998516,0.000000,0.000000,0.000000,0.000000,1.000000>,<15.000000>,<s10_s15>,<-1>,<1433>
<-205.470802,386.869591,-0.500000>,<-0.895115,-0.336206,-0.292805,0.000000,-0.442152,0.585185,0.679750,0.000000,-0.057191,0.737919,-0.672462,0.000000,0.000000,0.000000,0.000000,1.000000>,<15.000000>,<s10_s15>,<-1>,<7806>
<-381.182421,122.779502,-0.500000>,<0.543289,-0.387580,0.744727,0.000000,0.172009,-0.816855,-0.550601,0.000000,0.821736,0.427235,-0.377121,0.000000,0.000000,0.000000,0.000000,1.000000>,<25.000000>,<s10_s25>,<-1>,<5582>
<272.850248,-440.986560,-0.500000>,<-0.780513,-0.226941,0.582492,0.000000,0.452683,-0.847792,0.276272,0.000000,0.431135,0.479318,0.764445,0.000000,0.000000,0.000000,0.000000,1.000000>,<15.000000>,<s10_s15>,<-1>,<1031>
<19.124287,-137.031965,-0.500000>,<-0.079992,-0.668209,0.739660,0.000000,0.905110,0.262169,0.334728,0.000000,-0.417585,0.696250,0.583832,0.000000,0.000000,0.000000,0.000000,1.000000>,<15.000000>,<s10_s15>,<-1>,<3505>
<131.733558,-331.298774,-0.500000>,<-0.270076,0.588740,0.761868,0.000000,-0.772035,-0.605241,0.194025,0.000000,0.575345,-0.535787,0.617989,0.000000,0.000000,0.000000,0.000000,1.000000>,<15.000000>,<s10_s15>,<-1>,<1883>
<-177.086665,349.477635,-0.500000>,<0.359803,-0.645729,-0.673480,0.000000,-0.393448,0.549499,-0.737055,0.000000,0.846015,0.530174,-0.056349,0.000000,0.000000,0.000000,0.000000,1.000000>,<15.000000>,<s10_s15>,<-1>,<7520>
<371.180947,-165.955334,-0.500000>,<0.062740,-0.508642,-0.858689,0.000000,0.580249,0.718617,-0.383275,0.000000,0.812019,-0.474207,0.340225,0.000000,0.000000,0.000000,0.000000,1.000000>,<25.000000>,<s10_s25>,<-1>,<3248>
<-261.447252,-164.629590,-0.500000>,<-0.152532,-0.212871,-0.965101,0.000000,-0.167371,0.967986,-0.187055,0.000000,0.974023,0.132998,-0.183278,0.000000,0.000000,0.000000,0.000000,1.000000>,<15.000000>,<s10_s15>,<-1>,<3193>
<-206.802614,-433.409770,-0.500000>,<-0.633128,0.365919,-0.682094,0.000000,-0.630876,-0.754521,0.180813,0.000000,-0.448491,0.544795,0.708558,0.000000,0.000000,0.000000,0.000000,1.000000>,<15.000000>,<s10_s15>,<-1>,<990>
<74.735993,411.830528,-0.500000>,<-0.045159,0.723720,0.688614,0.000000,0.816712,0.423700,-0.391741,0.000000,-0.575276,0.544708,-0.610205,0.000000,0.000000,0.000000,0.000000,1.000000>,<15.000000>,<s10_s15>,<-1>,<8022>
<-470.169752,-47.112132,-0.500000>,<-0.414568,-0.909801,-0.019874,0.000000,-0.161004,0.094824,-0.982388,0.000000,0.895662,-0.404067,-0.185793,0.000000,0.000000,0.000000,0.000000,1.000000>,<25.000000>,<s10_s25>,<-1>,<4231>
<324.674561,-166.485955,-0.500000>,<-0.273084,0.830779,0.485007,0.000000,-0.013119,0.500907,-0.865402,0.000000,-0.961901,-0.242690,-0.125891,0.000000,0.000000,0.000000,0.000000,1.000000>,<25.000000>,<s10_s25>,<-1>,<3244>
<-191.018628,-287.921655,-0.500000>,<-0.156272,0.571182,-0.805810,0.000000,-0.069508,0.807451,0.585825,0.000000,0.985265,0.147559,-0.086480,0.000000,0.000000,0.000000,0.000000,1.000000>,<25.000000>,<s10_s25>,<-1>,<2239>
<401.247334,362.739126,-0.500000>,<0.202136,0.811594,0.548139,0.000000,-0.725808,0.499913,-0.472535,0.000000,-0.657528,-0.302328,0.690112,0.000000,0.000000,0.000000,0.000000,1.000000>,<15.000000>,<s10_s15>,<-1>,<7666>
<-167.218749,212.964613,-0.500000>,<-0.352020,0.437098,0.827664,0.000000,0.629943,0.764659,-0.135899,0.000000,-0.692282,0.473542,-0.544522,0.000000,0.000000,0.000000,0.000000,1.000000>,<25.000000>,<s10_s25>,<-1>,<6369>
<-422.561554,-89.679134,-0.500000>,<0.653085,0.419204,0.630672,0.000000,-0.537499,-0.330056,0.775988,0.000000,0.533455,-0.845772,0.009767,0.000000,0.000000,0.000000,0.000000,1.000000>,<25.000000>,<s10_s25>,<-1>,<3851>
<-434.991327,1.313752,-0.500000>,<0.012573,0.303311,0.952809,0.000000,-0.877840,-0.452917,0.155762,0.000000,0.478788,-0.838372,0.260564,0.000000,0.000000,0.000000,0.000000,1.000000>,<25.000000>,<s10_s25>,<-1>,<4618>
<-447.698635,-421.401684,-0.500000>,<-0.801941,-0.047015,0.595550,0.000000,-0.523658,0.535126,-0.662890,0.000000,-0.287529,-0.843463,-0.453759,0.000000,0.000000,0.000000,0.000000,1.000000>,<15.000000>,<s10_s15>,<-1>,<1065>
<-140.085708,-67.212277,-0.500000>,<0.231183,0.854436,-0.465289,0.000000,0.826070,-0.425034,-0.370073,0.000000,-0.513967,-0.298807,-0.804085,0.000000,0.000000,0.000000,0.000000,1.000000>,<25.000000>,<s10_s25>,<-1>,<4067>
<404.108958,423.789602,-0.500000>,<-0.470133,0.839899,-0.271191,0.000000,0.361778,0.463652,0.808791,0.000000,0.805041,0.282128,-0.521836,0.000000,0.000000,0.000000,0.000000,1.000000>,<15.000000>,<s10_s15>,<-1>,<8147>
<274.731208,-180.103600,-0.500000>,<0.620471,0.776187,-0.112024,0.000000,-0.782764,0.621688,-0.028003,0.000000,0.047908,0.105063,0.993311,0.000000,0.000000,0.000000,0.000000,1.000000>,<25.000000>,<s10_s25>,<-1>,<3143>
<-358.338538,20.135106,-0.500000>,<0.439966,-0.897383,-0.033664,0.000000,-0.732867,-0.380467,0.564049,0.000000,-0.518976,-0.223492,-0.825055,0.000000,0.000000,0.000000,0.000000,1.000000>,<15.000000>,<s10_s15>,<-1>,<4721>
<-394.978784,156.597380,-0.500000>,<0.440827,0.326242,-0.836204,0.000000,-0.897392,0.140530,-0.418257,0.000000,-0.018941,0.934782,0.354717,0.000000,0.000000,0.000000,0.000000,1.000000>,<15.000000>,<s10_s15>,<-1>,<5869>
<222.224737,-260.282404,-0.500000>,<-0.786559,-0.185609,-0.588961,0.000000,-0.194481,0.979681,-0.049014,0.000000,0.586091,0.075989,-0.806674,0.000000,0.000000,0.000000,0.000000,1.000000>,<25.000000>,<s10_s25>,<-1>,<2467>
<432.863371,-294.894495,-0.500000>,<-0.843729,-0.434904,-0.314612,0.000000,-0.484637,0.869188,0.098179,0.000000,0.230759,0.235309,-0.944129,0.000000,0.000000,0.000000,0.000000,1.000000>,<15.000000>,<s10_s15>,<-1>,<2197>
<-251.618024,-319.750024,-0.500000>,<-0.892730,-0.112677,-0.436277,0.000000,-0.325988,0.829934,0.452705,0.000000,0.311072,0.546365,-0.777638,0.000000,0.000000,0.000000,0.000000,1.000000>,<15.000000>,<s10_s15>,<-1>,<1946>
<118.525003,440.990867,-0.500000>,<0.038876,-0.568115,-0.822031,0.000000,-0.912813,-0.354871,0.202087,0.000000,-0.406523,0.742504,-0.532378,0.000000,0.000000,0.000000,0.000000,1.000000>,<25.000000>,<s10_s25>,<-1>,<8314>
<156.281533,-243.886858,-0.500000>,<-0.734715,0.152202,0.661082,0.000000,0.617093,-0.254811,0.744492,0.000000,0.281764,0.954938,0.093291,0.000000,0.000000,0.000000,0.000000,1.000000>,<25.000000>,<s10_s25>,<-1>,<2557>
<299.802878,-88.285315,-0.500000>,<0.118493,-0.522471,0.844383,0.000000,-0.987985,0.022942,0.152841,0.000000,-0.099227,-0.852348,-0.513475,0.000000,0.000000,0.000000,0.000000,1.000000>,<25.000000>,<s10_s25>,<-1>,<3914>
<-155.112257,451.491926,-0.500000>,<0.496008,0.350573,-0.794402,0.000000,-0.515732,-0.617081,-0.594333,0.000000,-0.698567,0.704493,-0.125276,0.000000,0.000000,0.000000,0.000000,1.000000>,<15.000000>,<s10_s15>,<-1>,<8386>
<456.502171,13.776602,-0.500000>,<-0.433197,0.512683,-0.741280,0.000000,0.683270,-0.349556,-0.641056,0.000000,-0.587777,-0.784198,-0.198874,0.000000,0.000000,0.000000,0.000000,1.000000>,<15.000000>,<s10_s15>,<-1>,<4791>
<-182.789362,38.605455,-0.500000>,<-0.179418,-0.887350,0.424758,0.000000,0.852029,0.075678,0.517996,0.000000,-0.491789,0.454844,0.742470,0.000000,0.000000,0.000000,0.000000,1.000000>,<15.000000>,<s10_s15>,<-1>,<4928>
<-444.509296,165.828343,-0.500000>,<0.144593,0.219663,0.964801,0.000000,-0.074209,-0.969894,0.231944,0.000000,0.986705,-0.105134,-0.123939,0.000000,0.000000,0.000000,0.000000,1.000000>,<15.000000>,<s10_s15>,<-1>,<5961>
<418.646758,388.789277,-0.500000>,<0.040123,0.386020,0.921617,0.000000,0.986909,0.128887,-0.096950,0.000000,-0.156209,0.913442,-0.375795,0.000000,0.000000,0.000000,0.000000,1.000000>,<15.000000>,<s10_s15>,<-1>,<7860>
<206.780417,-353.909184,-0.500000>,<-0.829751,0.364812,-0.422403,0.000000,-0.420724,-0.906127,0.043867,0.000000,-0.366748,0.214114,0.905346,0.000000,0.000000,0.000000,0.000000,1.000000>,<25.000000>,<s10_s25>,<-1>,<1698>
<40.243896,-446.906649,-0.500000>,<-0.226372,0.966920,0.117566,0.000000,0.432475,0.207925,-0.877344,0.000000,-0.872766,-0.147762,-0.465237,0.000000,0.000000,0.000000,0.000000,1.000000>,<15.000000>,<s10_s15>,<-1>,<915>
<-269.965622,-416.873170,-0.500000>,<0.452984,0.820615,0.348420,0.000000,-0.800617,0.546371,-0.245949,0.000000,-0.392196,-0.167540,0.904496,0.000000,0.000000,0.000000,0.000000,1.000000>,<25.000000>,<s10_s25>,<-1>,<1080>
<-27.732978,-507.102535,-0.500000>,<0.507566,0.775473,0.375524,0.000000,0.652278,-0.061072,-0.755516,0.000000,-0.562948,0.628420,-0.536822,0.000000,0.000000,0.000000,0.000000,1.000000>,<25.000000>,<s10_s25>,<-1>,<429>
<-275.186685,265.784142,-0.500000>,<0.091016,-0.940393,-0.327683,0.000000,0.782172,0.271170,-0.560958,0.000000,0.616379,-0.205249,0.760230,0.000000,0.000000,0.000000,0.000000,1.000000>,<25.000000>,<s10_s25>,<-1>,<6840>
<14.146979,-230.225470,-0.500000>,<-0.361005,0.013665,0.932464,0.000000,0.221764,0.972468,0.071605,0.000000,-0.905812,0.232637,-0.354096,0.000000,0.000000,0.000000,0.000000,1.000000>,<25.000000>,<s10_s25>,<-1>,<2737>
<-221.606840,19.064346,-0.500000>,<-0.237009,0.062465,-0.969497,0.000000,-0.365637,-0.930292,0.029446,0.000000,-0.900076,0.361463,0.243327,0.000000,0.000000,0.000000,0.000000,1.000000>,<25.000000>,<s10_s25>,<-1>,<4733>
<-286.621922,-30.240318,-0.500000>,<0.890086,-0.435709,0.133806,0.000000,-0.378009,-0.541635,0.750827,0.000000,-0.254668,-0.718881,-0.646804,0.000000,0.000000,0.000000,0.000000,1.000000>,<25.000000>,<s10_s25>,<-1>,<4343>
<-257.166260,407.337938,-0.500000>,<-0.198108,0.058158,0.978453,0.000000,-0.694788,0.695797,-0.182032,0.000000,-0.691391,-0.715880,-0.097435,0.000000,0.000000,0.000000,0.000000,1.000000>,<25.000000>,<s10_s25>,<-1>,<7993>
<-297.984732,-464.354006,-0.500000>,<0.964481,-0.236119,0.118426,0.000000,0.007014,0.471056,0.882075,0.000000,-0.264060,-0.849914,0.455981,0.000000,0.000000,0.000000,0.000000,1.000000>,<15.000000>,<s10_s15>,<-1>,<694>
<117.884787,-194.278340,-0.500000>,<0.733407,0.483662,-0.477687,0.000000,0.331528,0.358983,0.872479,0.000000,0.593467,-0.798249,0.102933,0.000000,0.000000,0.000000,0.000000,1.000000>,<25.000000>,<s10_s25>,<-1>,<3034>
<-155.553569,-450.254862,-0.500000>,<-0.728150,-0.543640,0.417436,0.000000,0.613779,-0.246093,0.750143,0.000000,-0.305080,0.802430,0.512867,0.000000,0.000000,0.000000,0.000000,1.000000>,<15.000000>,<s10_s15>,<-1>,<898>
<-65.830065,394.947348,-0.500000>,<0.888129,0.458674,0.029067,0.000000,-0.436278,0.861273,-0.260520,0.000000,-0.144528,0.218694,0.965031,0.000000,0.000000,0.000000,0.000000,1.000000>,<15.000000>,<s10_s15>,<-1>,<7914>
<-280.426378,-118.345664,-0.500000>,<-0.343189,-0.889857,-0.300625,0.000000,0.307864,0.195812,-0.931062,0.000000,0.887379,-0.412082,0.206755,0.000000,0.000000,0.000000,0.000000,1.000000>,<25.000000>,<s10_s25>,<-1>,<3576>
<386.526410,-97.087986,-0.500000>,<0.861376,-0.168282,0.479283,0.000000,-0.440734,-0.716705,0.540451,0.000000,0.252557,-0.676768,-0.691520,0.000000,0.000000,0.000000,0.000000,1.000000>,<25.000000>,<s10_s25>,<-1>,<3825>
<39.056275,-305.784262,-0.500000>,<0.267002,0.900082,0.344330,0.000000,0.434861,-0.431386,0.790444,0.000000,0.860003,-0.061315,-0.506592,0.000000,0.000000,0.000000,0.000000,1.000000>,<25.000000>,<s10_s25>,<-1>,<2067>
<-497.205622,-8.314514,-0.500000>,<-0.799286,0.412650,0.436878,0.000000,0.272916,-0.398436,0.875652,0.000000,0.535405,0.819127,0.205845,0.000000,0.000000,0.000000,0.000000,1.000000>,<25.000000>,<s10_s25>,<-1>,<4517>
<368.984830,234.886329,-0.500000>,<0.004208,0.831289,0.555825,0.000000,0.402079,-0.510326,0.760197,0.000000,0.915595,0.220286,-0.336391,0.000000,0.000000,0.000000,0.000000,1.000000>,<25.000000>,<s10_s25>,<-1>,<6608>
<109.201675,-432.057517,-0.500000>,<0.821815,-0.441777,-0.359797,0.000000,0.385898,0.896183,-0.218947,0.000000,0.419170,0.041089,0.906978,0.000000,0.000000,0.000000,0.000000,1.000000>,<25.000000>,<s10_s25>,<-1>,<1017>
<-101.454785,120.118239,-0.500000>,<0.427075,0.740751,0.518551,0.000000,0.096818,-0.607646,0.788285,0.000000,0.899018,-0.286452,-0.331228,0.000000,0.000000,0.000000,0.000000,1.000000>,<25.000000>,<s10_s25>,<-1>,<5607>
<271.192370,-400.244620,-0.500000>,<-0.676716,0.622184,0.393628,0.000000,0.443194,0.771175,-0.457021,0.000000,-0.587907,-0.134820,-0.797615,0.000000,0.000000,0.000000,0.000000,1.000000>,<25.000000>,<s10_s25>,<-1>,<1319>
<467.877970,-339.329769,-0.500000>,<-0.478071,-0.671978,-0.565592,0.000000,0.788264,-0.044222,-0.613746,0.000000,0.387412,-0.739250,0.550837,0.000000,0.000000,0.000000,0.000000,1.000000>,<15.000000>,<s10_s15>,<-1>,<1816>
<20.986385,276.387832,-0.500000>,<-0.810712,0.549054,0.203190,0.000000,-0.371161,-0.213621,-0.903662,0.000000,-0.452754,-0.808026,0.376972,0.000000,0.000000,0.000000,0.000000,1.000000>,<15.000000>,<s10_s15>,<-1>,<6961>
<358.160208,-214.197723,-0.500000>,<0.176658,0.067687,-0.981942,0.000000,0.912966,0.361537,0.189170,0.000000,0.367812,-0.929898,0.002072,0.000000,0.000000,0.000000,0.000000,1.000000>,<15.000000>,<s10_s15>,<-1>,<2863>
<-212.630258,-472.367120,-0.500000>,<0.627748,-0.008939,-0.778365,0.000000,0.764514,-0.181058,0.618657,0.000000,-0.146459,-0.983432,-0.106825,0.000000,0.000000,0.000000,0.000000,1.000000>,<25.000000>,<s10_s25>,<-1>,<701>
<-144.956417,330.925128,-0.500000>,<-0.800832,-0.595274,0.065705,0.000000,0.442622,-0.662204,-0.604625,0.000000,0.403427,-0.455120,0.793796,0.000000,0.000000,0.000000,0.000000,1.000000>,<15.000000>,<s10_s15>,<-1>,<7331>
<-414.133019,-298.459352,-0.500000>,<0.070720,0.343343,-0.936544,0.000000,-0.924024,-0.331113,-0.191163,0.000000,-0.375737,0.878908,0.293841,0.000000,0.000000,0.000000,0.000000,1.000000>,<25.000000>,<s10_s25>,<-1>,<2124>
<352.717549,-52.541507,-0.500000>,<-0.341700,0.504542,-0.792893,0.000000,0.587109,-0.544189,-0.599301,0.000000,-0.733856,-0.670295,-0.110272,0.000000,0.000000,0.000000,0.000000,1.000000>,<25.000000>,<s10_s25>,<-1>,<4206>
<478.232699,330.916985,-0.500000>,<0.971773,-0.158512,0.174734,0.000000,-0.233539,-0.541385,0.807689,0.000000,-0.033430,-0.825698,-0.563122,0.000000,0.000000,0.000000,0.000000,1.000000>,<25.000000>,<s10_s25>,<-1>,<7385>
<298.802728,4.240204,-0.500000>,<-0.220311,-0.086413,-0.971594,0.000000,-0.913611,-0.330678,0.236574,0.000000,-0.341728,0.939779,-0.006096,0.000000,0.000000,0.000000,0.000000,1.000000>,<15.000000>,<s10_s15>,<-1>,<4681>
<-330.281133,-311.951353,-0.500000>,<0.674265,0.703122,0.225801,0.000000,-0.731148,0.592584,0.338034,0.000000,0.103873,-0.393019,0.913645,0.000000,0.000000,0.000000,0.000000,1.000000>,<15.000000>,<s10_s15>,<-1>,<2035>
<-116.593725,-345.113760,-0.500000>,<-0.027448,0.397622,-0.917139,0.000000,0.918767,0.371517,0.133572,0.000000,0.393844,-0.838971,-0.375519,0.000000,0.000000,0.000000,0.000000,1.000000>,<25.000000>,<s10_s25>,<-1>,<1766>
<-16.163090,-151.580240,-0.500000>,<0.105792,-0.928953,0.354761,0.000000,-0.209935,0.327856,0.921107,0.000000,-0.971975,-0.171922,-0.160335,0.000000,0.000000,0.000000,0.000000,1.000000>,<15.000000>,<s10_s15>,<-1>,<3310>
<283.970665,281.170484,-0.500000>,<-0.678740,-0.402590,-0.614193,0.000000,-0.196637,0.905436,-0.376191,0.000000,0.707563,-0.134563,-0.693720,0.000000,0.000000,0.000000,0.000000,1.000000>,<25.000000>,<s10_s25>,<-1>,<6984>
<-246.676237,309.970146,-0.500000>,<0.554404,0.813520,0.175557,0.000000,0.791506,-0.450208,-0.413316,0.000000,-0.257204,0.368099,-0.893504,0.000000,0.000000,0.000000,0.000000,1.000000>,<25.000000>,<s10_s25>,<-1>,<7226>
<483.335683,106.289750,-0.500000>,<0.182361,-0.981187,0.063378,0.000000,0.023617,-0.060069,-0.997915,0.000000,0.982948,0.183478,0.012219,0.000000,0.000000,0.000000,0.000000,1.000000>,<15.000000>,<s10_s15>,<-1>,<5562>
<-460.160099,-189.741053,-0.500000>,<-0.271450,0.961112,-0.050771,0.000000,-0.798618,-0.195488,0.569204,0.000000,0.537144,0.195058,0.820627,0.000000,0.000000,0.000000,0.000000,1.000000>,<15.000000>,<s10_s15>,<-1>,<2984>
<-422.230168,492.275211,-0.500000>,<0.132310,0.645119,0.752540,0.000000,-0.570821,-0.571091,0.589931,0.000000,0.810344,-0.507619,0.292686,0.000000,0.000000,0.000000,0.000000,1.000000>,<25.000000>,<s10_s25>,<-1>,<8651>
<348.463285,303.640354,-0.500000>,<0.084720,-0.171341,0.981562,0.000000,-0.506430,0.840972,0.190511,0.000000,-0.858109,-0.513232,-0.015525,0.000000,0.000000,0.000000,0.000000,1.000000>,<25.000000>,<s10_s25>,<-1>,<7182>
<293.898076,222.620840,-0.500000>,<-0.080891,0.817535,0.570170,0.000000,-0.030462,0.569750,-0.821254,0.000000,-0.996257,-0.083801,-0.021184,0.000000,0.000000,0.000000,0.000000,1.000000>,<15.000000>,<s10_s15>,<-1>,<6505>
<212.324407,-496.538684,-0.500000>,<0.047880,0.501275,-0.863962,0.000000,-0.381352,-0.790259,-0.479647,0.000000,-0.923189,0.352439,0.153324,0.000000,0.000000,0.000000,0.000000,1.000000>,<15.000000>,<s10_s15>,<-1>,<546>
<-144.021203,-103.735180,-0.500000>,<0.274248,0.150991,0.949731,0.000000,-0.421814,0.906408,-0.022299,0.000000,-0.864211,-0.394494,0.312271,0.000000,0.000000,0.000000,0.000000,1.000000>,<15.000000>,<s10_s15>,<-1>,<3779>
<-49.655269,-390.253332,-0.500000>,<0.664738,-0.653119,0.362711,0.000000,-0.624489,-0.219298,0.749615,0.000000,-0.410046,-0.724807,-0.553641,0.000000,0.000000,0.000000,0.000000,1.000000>,<15.000000>,<s10_s15>,<-1>,<1387>
<57.368898,-98.881296,-0.500000>,<-0.401079,-0.654200,-0.641216,0.000000,0.424550,0.487518,-0.762944,0.000000,0.811722,-0.578229,0.082208,0.000000,0.000000,0.000000,0.000000,1.000000>,<15.000000>,<s10_s15>,<-1>,<3797>
<81.965332,-208.500375,-0.500000>,<0.471045,-0.051304,-0.880616,0.000000,0.011815,-0.997851,0.064454,0.000000,-0.882030,-0.040765,-0.469427,0.000000,0.000000,0.000000,0.000000,1.000000>,<15.000000>,<s10_s15>,<-1>,<2935>
<-319.616015,-412.299719,-0.500000>,<0.867266,-0.209026,0.451838,0.000000,0.497289,0.406617,-0.766398,0.000000,-0.023527,0.889365,0.456592,0.000000,0.000000,0.000000,0.000000,1.000000>,<25.000000>,<s10_s25>,<-1>,<1172>
<268.363861,418.623436,-0.500000>,<-0.539145,0.187795,-0.821009,0.000000,-0.839492,-0.198120,0.505966,0.000000,-0.067640,0.962020,0.264468,0.000000,0.000000,0.000000,0.000000,1.000000>,<25.000000>,<s10_s25>,<-1>,<8135>
<-258.631121,217.381877,-0.500000>,<-0.070601,-0.128281,0.989222,0.000000,-0.996343,0.056908,-0.063729,0.000000,-0.048119,-0.990104,-0.131829,0.000000,0.000000,0.000000,0.000000,1.000000>,<25.000000>,<s10_s25>,<-1>,<6361>
<164.994891,-410.926346,-0.500000>,<0.615318,-0.741611,0.267202,0.000000,0.737056,0.661470,0.138583,0.000000,-0.279521,0.111670,0.953623,0.000000,0.000000,0.000000,0.000000,1.000000>,<25.000000>,<s10_s25>,<-1>,<1214>
<50.721710,215.628567,-0.500000>,<-0.202674,-0.969654,0.136726,0.000000,0.669728,-0.035392,0.741762,0.000000,-0.714414,0.241905,0.656578,0.000000,0.000000,0.000000,0.000000,1.000000>,<15.000000>,<s10_s15>,<-1>,<6388>
<-438.258524,-366.061637,-0.500000>,<-0.573527,0.817696,0.049395,0.000000,0.285923,0.256321,-0.923335,0.000000,-0.767669,-0.515434,-0.380805,0.000000,0.000000,0.000000,0.000000,1.000000>,<15.000000>,<s10_s15>,<-1>,<1546>
<459.992645,402.342627,-0.500000>,<0.786676,-0.312630,-0.532356,0.000000,-0.115711,-0.921686,0.370278,0.000000,-0.606426,-0.229689,-0.761243,0.000000,0.000000,0.000000,0.000000,1.000000>,<25.000000>,<s10_s25>,<-1>,<7960>
<396.004811,211.448941,-0.500000>,<-0.031146,0.633889,0.772796,0.000000,-0.990235,0.085541,-0.110075,0.000000,-0.135881,-0.768679,0.625036,0.000000,0.000000,0.000000,0.000000,1.000000>,<15.000000>,<s10_s15>,<-1>,<6418>
