    <recipe name="HIV" version="1.4">
        <setupfile>http://autofill.googlecode.com/svn/dataRight/HIV/Recipes/HybridFiles/HIV_1.4_hybrid_1.0.xml</setupfile>
        <wrkdir>autoFillRecipeScripts/HIV</wrkdir>
        <resultfile>http://autofill.googlecode.com/svn/dataRight/HIV/Results/autoPACKResultFiles/HIVresult_1_4chimera4.apr</resultfile>
    </recipe>
*Tom, we need to remove this section to get these rep_file= objects objects from the SetupFile above
<000.000000,000.000000,000.000000>,<1.00,0.00,0.00,0.000000,0.00,1.00,0.00,0.000000,0.00,0.00,1.00,0.000000,0.000000,0.000000,0.000000,1.000000>,<0.00>,<EnvelopeBilayer3>,<1>,<0>
<000.000000,000.000000,000.000000>,<1.00,0.00,0.00,0.000000,0.00,1.00,0.00,0.000000,0.00,0.00,1.00,0.000000,0.000000,0.000000,0.000000,1.000000>,<0.00>,<HIV_1_1_NucleocapsidHostMesh>,<1>,<0>
      *getting HIV_1_1_NucleocapsidHostMesh will give you the .stl version of Mark's nucleocapsid, but in this file, I also pasted the .apr reconstruciton for the hex and pent at the bottom.
*Tom, end section to remove

<500.030413,128.000566,-411.877483>,<0.312362,0.880923,-0.355533,0.000000,0.390525,0.222095,0.893400,0.000000,0.865979,-0.417909,-0.274648,0.000000,0.000000,0.000000,0.000000,1.000000>,<9.390000>,<MA_matrix_G1>,<1>,<82640>
<443.609391,444.037424,27.516777>,<-0.111679,0.768452,0.630087,0.000000,0.186426,0.638998,-0.746276,0.000000,-0.976101,0.034121,-0.214622,0.000000,0.000000,0.000000,0.000000,1.000000>,<9.390000>,<MA_matrix_G1>,<1>,<70925>
<461.425497,329.090024,326.692603>,<0.535936,0.766629,-0.353630,0.000000,-0.837008,0.537256,-0.103798,0.000000,0.110415,0.351620,0.929609,0.000000,0.000000,0.000000,0.000000,1.000000>,<9.390000>,<MA_matrix_G1>,<1>,<70091>
<-214.639346,311.794552,572.643888>,<-0.410364,-0.303786,0.859834,0.000000,0.729985,0.455682,0.509388,0.000000,-0.546556,0.836701,0.034764,0.000000,0.000000,0.000000,0.000000,1.000000>,<9.390000>,<MA_matrix_G1>,<1>,<69013>
<614.083600,122.198772,17.869060>,<0.160490,0.936438,-0.311972,0.000000,-0.364816,0.349965,0.862806,0.000000,0.917144,-0.024660,0.397793,0.000000,0.000000,0.000000,0.000000,1.000000>,<9.390000>,<MA_matrix_G1>,<1>,<81652>
<-433.007822,-174.431457,-531.540241>,<0.462831,-0.611180,-0.642064,0.000000,0.676344,-0.224733,0.701465,0.000000,-0.573015,-0.758916,0.309355,0.000000,0.000000,0.000000,0.000000,1.000000>,<9.390000>,<MA_matrix_G1>,<1>,<79343>
<-65.006804,632.648928,-283.536824>,<-0.446658,-0.060162,-0.892680,0.000000,0.314329,0.923584,-0.219522,0.000000,0.837671,-0.378647,-0.393616,0.000000,0.000000,0.000000,0.000000,1.000000>,<9.390000>,<MA_matrix_G1>,<1>,<67120>
<521.787977,333.966166,11.951973>,<-0.353351,0.872289,0.338017,0.000000,0.769118,0.476572,-0.425837,0.000000,-0.532542,0.109505,-0.839290,0.000000,0.000000,0.000000,0.000000,1.000000>,<9.390000>,<MA_matrix_G1>,<1>,<70322>
<359.362799,56.859030,-592.839025>,<0.733879,0.672951,0.092517,0.000000,-0.132190,0.007889,0.991193,0.000000,0.666294,-0.739645,0.094747,0.000000,0.000000,0.000000,0.000000,1.000000>,<9.390000>,<MA_matrix_G1>,<1>,<71957>
<489.896040,298.405007,-344.449070>,<-0.346273,0.932631,0.101464,0.000000,0.245371,0.194428,-0.949732,0.000000,-0.905477,-0.303970,-0.296166,0.000000,0.000000,0.000000,0.000000,1.000000>,<9.390000>,<MA_matrix_G1>,<1>,<71427>
<-214.025814,582.051455,-295.439962>,<0.593200,-0.357456,0.721345,0.000000,-0.080166,0.865338,0.494735,0.000000,-0.801054,-0.351304,0.484663,0.000000,0.000000,0.000000,0.000000,1.000000>,<9.390000>,<MA_matrix_G1>,<1>,<72887>
<373.219328,195.697087,-556.517483>,<0.535173,0.672204,0.511598,0.000000,-0.797113,0.201364,0.569266,0.000000,0.279645,-0.712457,0.643586,0.000000,0.000000,0.000000,0.000000,1.000000>,<9.390000>,<MA_matrix_G1>,<1>,<71802>
<314.602039,-512.493808,258.328774>,<0.842797,0.418974,-0.337866,0.000000,0.234549,-0.850889,-0.470079,0.000000,-0.484437,0.316935,-0.815397,0.000000,0.000000,0.000000,0.000000,1.000000>,<9.390000>,<MA_matrix_G1>,<1>,<76747>
<377.201577,322.187620,451.601789>,<0.176066,0.583647,0.792690,0.000000,0.709608,0.482857,-0.513134,0.000000,-0.682245,0.652844,-0.329146,0.000000,0.000000,0.000000,0.000000,1.000000>,<9.390000>,<MA_matrix_G1>,<1>,<69977>
<456.106064,415.313739,-281.317334>,<0.200046,0.816174,-0.542071,0.000000,0.409993,0.432756,0.802887,0.000000,0.889881,-0.382860,-0.248054,0.000000,0.000000,0.000000,0.000000,1.000000>,<9.390000>,<MA_matrix_G1>,<1>,<71379>
<427.581527,8.217047,-522.022933>,<0.187543,0.663497,-0.724293,0.000000,0.959491,0.034088,0.279671,0.000000,0.210250,-0.747402,-0.630226,0.000000,0.000000,0.000000,0.000000,1.000000>,<9.390000>,<MA_matrix_G1>,<1>,<82936>
<-196.080434,517.672502,371.194087>,<-0.743545,-0.280473,-0.607022,0.000000,-0.471034,0.864019,0.177756,0.000000,0.474623,0.418098,-0.774550,0.000000,0.000000,0.000000,0.000000,1.000000>,<9.390000>,<MA_matrix_G1>,<1>,<68040>
<400.866266,512.846673,-166.859427>,<-0.463098,0.731278,0.500772,0.000000,0.430119,0.679445,-0.594434,0.000000,-0.774944,-0.059889,-0.629186,0.000000,0.000000,0.000000,0.000000,1.000000>,<9.390000>,<MA_matrix_G1>,<1>,<71165>
<286.807878,81.883399,-648.522557>,<0.557120,0.500145,0.662928,0.000000,-0.783369,0.051594,0.619412,0.000000,0.275592,-0.864403,0.420542,0.000000,0.000000,0.000000,0.000000,1.000000>,<9.390000>,<MA_matrix_G1>,<1>,<72040>
<438.619303,433.070910,116.612389>,<0.262725,0.738612,-0.620828,0.000000,-0.405582,0.668365,0.623532,0.000000,0.875488,0.087979,0.475164,0.000000,0.000000,0.000000,0.000000,1.000000>,<9.390000>,<MA_matrix_G1>,<1>,<69988>
<-495.393455,332.790175,-265.389152>,<0.522659,-0.818909,0.237099,0.000000,0.448209,0.500512,0.740673,0.000000,-0.725215,-0.280850,0.628639,0.000000,0.000000,0.000000,0.000000,1.000000>,<9.390000>,<MA_matrix_G1>,<1>,<73360>
<35.386901,-294.784205,-674.522251>,<-0.121029,0.022177,0.992401,0.000000,-0.942988,-0.314829,-0.107967,0.000000,0.310043,-0.948889,0.059016,0.000000,0.000000,0.000000,0.000000,1.000000>,<9.390000>,<MA_matrix_G1>,<1>,<78794>
<230.888556,611.118929,-270.364422>,<0.609999,0.322881,-0.723636,0.000000,0.045527,0.897428,0.438805,0.000000,0.791093,-0.300616,0.532731,0.000000,0.000000,0.000000,0.000000,1.000000>,<9.390000>,<MA_matrix_G1>,<1>,<71116>
<377.174232,-396.033924,388.845636>,<0.806101,0.566344,0.171624,0.000000,0.591760,-0.769175,-0.241225,0.000000,-0.004608,0.296012,-0.955173,0.000000,0.000000,0.000000,0.000000,1.000000>,<9.390000>,<MA_matrix_G1>,<1>,<76426>
<-94.985157,450.751769,492.346174>,<0.543953,-0.076827,0.835591,0.000000,0.671702,0.636698,-0.378724,0.000000,-0.502923,0.767276,0.397939,0.000000,0.000000,0.000000,0.000000,1.000000>,<9.390000>,<MA_matrix_G1>,<1>,<68850>
<-181.140522,-434.089959,-552.999163>,<-0.945770,-0.222505,-0.236666,0.000000,0.324140,-0.694146,-0.642724,0.000000,-0.021271,-0.684582,0.728625,0.000000,0.000000,0.000000,0.000000,1.000000>,<9.390000>,<MA_matrix_G1>,<1>,<79244>
<474.080536,248.479070,399.078762>,<0.588266,0.771829,-0.241295,0.000000,-0.723464,0.368993,-0.583476,0.000000,-0.361307,0.517808,0.775456,0.000000,0.000000,0.000000,0.000000,1.000000>,<9.390000>,<MA_matrix_G1>,<1>,<70196>
<-225.956182,540.093314,-377.771612>,<0.908097,-0.394256,-0.141146,0.000000,0.414341,0.797102,0.439261,0.000000,-0.060673,-0.457374,0.887202,0.000000,0.000000,0.000000,0.000000,1.000000>,<9.390000>,<MA_matrix_G1>,<1>,<72917>
<-480.790159,414.434980,86.348004>,<0.626908,-0.773764,0.090965,0.000000,0.765055,0.633466,0.115805,0.000000,-0.147229,-0.003006,0.989098,0.000000,0.000000,0.000000,0.000000,1.000000>,<9.390000>,<MA_matrix_G1>,<1>,<68468>
<-40.308255,501.457879,431.875870>,<-0.402883,0.086316,-0.911172,0.000000,-0.441731,0.853581,0.276176,0.000000,0.801598,0.513760,-0.305765,0.000000,0.000000,0.000000,0.000000,1.000000>,<9.390000>,<MA_matrix_G1>,<1>,<68795>
<-585.284876,275.395326,182.206524>,<-0.179185,-0.819710,0.544030,0.000000,-0.245038,0.572738,0.782258,0.000000,-0.952811,0.006861,-0.303486,0.000000,0.000000,0.000000,0.000000,1.000000>,<9.390000>,<MA_matrix_G1>,<1>,<81225>
<-344.928550,450.391113,370.097586>,<-0.716802,-0.569555,0.402246,0.000000,-0.125078,0.672553,0.729403,0.000000,-0.685966,0.472525,-0.553326,0.000000,0.000000,0.000000,0.000000,1.000000>,<9.390000>,<MA_matrix_G1>,<1>,<68207>
<-206.762163,558.129786,266.438999>,<-0.308175,-0.374628,-0.874461,0.000000,-0.541502,0.824838,-0.162535,0.000000,0.782179,0.423433,-0.457056,0.000000,0.000000,0.000000,0.000000,1.000000>,<9.390000>,<MA_matrix_G1>,<1>,<67913>
<-326.064972,492.975664,310.004861>,<0.866875,-0.487820,-0.102757,0.000000,0.413036,0.818218,-0.399900,0.000000,0.279157,0.304221,0.910780,0.000000,0.000000,0.000000,0.000000,1.000000>,<9.390000>,<MA_matrix_G1>,<1>,<68166>
<-558.396424,283.458636,-124.395173>,<-0.314016,-0.915413,0.251819,0.000000,-0.830058,0.393455,0.395218,0.000000,-0.460867,-0.084919,-0.883397,0.000000,0.000000,0.000000,0.000000,1.000000>,<9.390000>,<MA_matrix_G1>,<1>,<80811>
<457.439303,446.723028,-160.445061>,<0.414622,0.811286,0.412194,0.000000,-0.655772,0.580427,-0.482771,0.000000,-0.630914,-0.070138,0.772676,0.000000,0.000000,0.000000,0.000000,1.000000>,<9.390000>,<MA_matrix_G1>,<1>,<71274>
<396.925746,389.544362,354.320028>,<0.257708,0.682116,0.684327,0.000000,0.306312,0.614042,-0.727410,0.000000,-0.916384,0.397078,-0.050697,0.000000,0.000000,0.000000,0.000000,1.000000>,<9.390000>,<MA_matrix_G1>,<1>,<69944>
<457.553723,-59.262134,-480.122345>,<-0.328139,0.819363,-0.470074,0.000000,0.708931,-0.115269,-0.695795,0.000000,-0.624293,-0.561568,-0.543047,0.000000,0.000000,0.000000,0.000000,1.000000>,<9.390000>,<MA_matrix_G1>,<1>,<83012>
<-181.257505,255.614112,-637.364169>,<-0.983573,-0.175650,0.041611,0.000000,-0.102991,0.356746,-0.928507,0.000000,0.148247,-0.917540,-0.368976,0.000000,0.000000,0.000000,0.000000,1.000000>,<9.390000>,<MA_matrix_G1>,<1>,<72616>
<531.855877,-432.340319,-104.174567>,<-0.643073,0.742280,0.188355,0.000000,-0.741089,-0.665184,0.091201,0.000000,0.192987,-0.080939,0.977857,0.000000,0.000000,0.000000,0.000000,1.000000>,<9.390000>,<MA_matrix_G1>,<1>,<77704>
<534.467856,-12.577291,392.420678>,<-0.345505,0.869303,-0.353467,0.000000,-0.707441,0.006196,0.706745,0.000000,0.616566,0.494241,0.612839,0.000000,0.000000,0.000000,0.000000,1.000000>,<9.390000>,<MA_matrix_G1>,<1>,<82079>
<97.204871,586.844596,-406.992954>,<-0.622205,0.045115,-0.781553,0.000000,0.389264,0.884002,-0.258870,0.000000,0.679215,-0.465301,-0.567592,0.000000,0.000000,0.000000,0.000000,1.000000>,<9.390000>,<MA_matrix_G1>,<1>,<71850>
<-15.821278,-648.842013,-130.567867>,<0.295025,-0.062326,-0.953455,0.000000,0.089175,-0.991719,0.092421,0.000000,-0.951319,-0.112290,-0.287024,0.000000,0.000000,0.000000,0.000000,1.000000>,<9.390000>,<MA_matrix_G1>,<1>,<73980>
<442.593677,-225.102110,472.589296>,<0.574694,0.762595,-0.296946,0.000000,-0.031919,-0.341687,-0.939271,0.000000,-0.817746,0.549272,-0.172024,0.000000,0.000000,0.000000,0.000000,1.000000>,<9.390000>,<MA_matrix_G1>,<1>,<76203>
<-403.075210,255.421073,522.289102>,<-0.852940,-0.500160,0.149441,0.000000,-0.108163,0.449404,0.886756,0.000000,-0.510679,0.740186,-0.437414,0.000000,0.000000,0.000000,0.000000,1.000000>,<9.390000>,<MA_matrix_G1>,<1>,<68414>
<-386.156603,236.242573,-523.283684>,<-0.159335,-0.725457,0.669570,0.000000,-0.975660,0.219225,0.005349,0.000000,-0.150667,-0.652420,-0.742730,0.000000,0.000000,0.000000,0.000000,1.000000>,<9.390000>,<MA_matrix_G1>,<1>,<73279>
<194.809419,637.050073,-119.840861>,<0.309173,0.221577,0.924833,0.000000,-0.045616,0.974814,-0.218303,0.000000,-0.949911,0.025306,0.311494,0.000000,0.000000,0.000000,0.000000,1.000000>,<9.390000>,<MA_matrix_G1>,<1>,<70846>
<-222.466245,472.725729,-477.302499>,<-0.858752,-0.468374,0.207773,0.000000,-0.448072,0.489750,-0.747915,0.000000,0.248548,-0.735371,-0.630439,0.000000,0.000000,0.000000,0.000000,1.000000>,<9.390000>,<MA_matrix_G1>,<1>,<72952>
<65.929305,445.092048,489.230878>,<-0.700752,0.306787,0.644072,0.000000,0.646482,0.654846,0.391455,0.000000,-0.301675,0.690694,-0.657217,0.000000,0.000000,0.000000,0.000000,1.000000>,<9.390000>,<MA_matrix_G1>,<1>,<68842>
<253.860192,31.014927,-671.174071>,<-0.439663,0.571536,0.692851,0.000000,-0.800603,0.100264,-0.590747,0.000000,-0.407102,-0.814428,0.413491,0.000000,0.000000,0.000000,0.000000,1.000000>,<9.390000>,<MA_matrix_G1>,<1>,<72043>
<554.699404,265.286580,-101.905915>,<0.086237,0.928845,0.360293,0.000000,-0.214714,0.370469,-0.903687,0.000000,-0.972862,0.000571,0.231384,0.000000,0.000000,0.000000,0.000000,1.000000>,<9.390000>,<MA_matrix_G1>,<1>,<82369>
<430.431664,86.683887,523.442164>,<-0.177951,0.704906,-0.686616,0.000000,-0.901645,0.162694,0.400708,0.000000,0.394170,0.690390,0.606623,0.000000,0.000000,0.000000,0.000000,1.000000>,<9.390000>,<MA_matrix_G1>,<1>,<70354>
<567.736463,243.985109,-41.681750>,<0.263906,0.925402,-0.272002,0.000000,-0.524041,0.374311,0.765031,0.000000,0.809775,-0.059357,0.583731,0.000000,0.000000,0.000000,0.000000,1.000000>,<9.390000>,<MA_matrix_G1>,<1>,<82365>
<52.579126,660.312848,-75.015661>,<0.734645,0.140945,-0.663650,0.000000,-0.123502,0.989621,0.073461,0.000000,0.667116,0.027995,0.744427,0.000000,0.000000,0.000000,0.000000,1.000000>,<9.390000>,<MA_matrix_G1>,<1>,<70679>
<73.878177,-561.211957,317.570800>,<0.891141,0.065820,0.448927,0.000000,0.234564,-0.913779,-0.331645,0.000000,0.388391,0.400845,-0.829745,0.000000,0.000000,0.000000,0.000000,1.000000>,<9.390000>,<MA_matrix_G1>,<1>,<76876>
<396.303565,-382.662018,-407.987055>,<-0.435238,0.568066,0.698476,0.000000,-0.861273,-0.488696,-0.139227,0.000000,0.262252,-0.662176,0.701959,0.000000,0.000000,0.000000,0.000000,1.000000>,<9.390000>,<MA_matrix_G1>,<1>,<78025>
<394.416917,516.204929,-80.722736>,<-0.583220,0.727196,0.361994,0.000000,0.719471,0.669318,-0.185406,0.000000,-0.377116,0.152312,-0.913556,0.000000,0.000000,0.000000,0.000000,1.000000>,<9.390000>,<MA_matrix_G1>,<1>,<71019>
<-512.892217,-133.602325,-464.864110>,<-0.412778,-0.670923,0.616017,0.000000,-0.729639,-0.161260,-0.664546,0.000000,0.545198,-0.723780,-0.422967,0.000000,0.000000,0.000000,0.000000,1.000000>,<9.390000>,<MA_matrix_G1>,<1>,<79338>
<227.756984,578.074671,144.246970>,<0.420222,0.426374,-0.801011,0.000000,-0.405689,0.877876,0.254459,0.000000,0.811684,0.218032,0.541878,0.000000,0.000000,0.000000,0.000000,1.000000>,<9.390000>,<MA_matrix_G1>,<1>,<70585>
<47.675194,-292.446145,622.697310>,<-0.960304,0.175677,0.216686,0.000000,0.131071,-0.401533,0.906417,0.000000,0.246243,0.898838,0.362567,0.000000,0.000000,0.000000,0.000000,1.000000>,<9.390000>,<MA_matrix_G1>,<1>,<75702>
<346.096477,407.441739,-471.350250>,<-0.741443,0.616051,-0.265976,0.000000,0.629996,0.502634,-0.592001,0.000000,-0.231014,-0.606499,-0.760784,0.000000,0.000000,0.000000,0.000000,1.000000>,<9.390000>,<MA_matrix_G1>,<1>,<71660>
<-440.350727,431.797736,250.884870>,<-0.634665,-0.608684,-0.476135,0.000000,-0.664858,0.744131,-0.065063,0.000000,0.393910,0.275269,-0.876962,0.000000,0.000000,0.000000,0.000000,1.000000>,<9.390000>,<MA_matrix_G1>,<1>,<68340>
<647.270444,-142.420573,29.506458>,<-0.025426,0.956411,0.290914,0.000000,0.996776,0.002102,0.080206,0.000000,0.076098,0.292016,-0.953381,0.000000,0.000000,0.000000,0.000000,1.000000>,<9.390000>,<MA_matrix_G1>,<1>,<81940>
<-32.881146,583.828894,-409.493200>,<0.246296,-0.111459,0.962764,0.000000,-0.451443,0.865830,0.215726,0.000000,-0.857635,-0.487766,0.162933,0.000000,0.000000,0.000000,0.000000,1.000000>,<9.390000>,<MA_matrix_G1>,<1>,<72783>
<-211.437257,623.553557,-111.557364>,<-0.403809,-0.474251,-0.782320,0.000000,-0.186889,0.879871,-0.436921,0.000000,0.895551,-0.030226,-0.443932,0.000000,0.000000,0.000000,0.000000,1.000000>,<9.390000>,<MA_matrix_G1>,<1>,<67323>
<416.248011,-533.418923,-127.781539>,<0.866179,0.499728,0.002270,0.000000,0.497279,-0.862366,0.095075,0.000000,0.049470,-0.081223,-0.995468,0.000000,0.000000,0.000000,0.000000,1.000000>,<9.390000>,<MA_matrix_G1>,<1>,<77003>
<512.626591,318.150789,195.955606>,<-0.418687,0.879185,0.227454,0.000000,0.871586,0.459367,-0.171230,0.000000,-0.255028,0.126553,-0.958616,0.000000,0.000000,0.000000,0.000000,1.000000>,<9.390000>,<MA_matrix_G1>,<1>,<70221>
<15.914603,627.940802,129.976938>,<0.100881,0.026363,0.994549,0.000000,0.264774,0.962887,-0.052381,0.000000,-0.959019,0.268615,0.090156,0.000000,0.000000,0.000000,0.000000,1.000000>,<9.390000>,<MA_matrix_G1>,<1>,<70479>
<-97.691368,86.001794,678.275980>,<0.988431,-0.147916,0.033542,0.000000,0.051311,0.118001,-0.991687,0.000000,0.142728,0.981935,0.124226,0.000000,0.000000,0.000000,0.000000,1.000000>,<9.390000>,<MA_matrix_G1>,<1>,<69378>
<536.434832,162.420847,-327.978018>,<-0.491370,0.858787,0.145051,0.000000,0.302886,0.324643,-0.896028,0.000000,-0.816587,-0.396348,-0.419635,0.000000,0.000000,0.000000,0.000000,1.000000>,<9.390000>,<MA_matrix_G1>,<1>,<82551>
<63.297951,-596.726992,-348.866095>,<0.617341,0.067036,-0.783835,0.000000,0.351623,-0.914812,0.198698,0.000000,-0.703741,-0.398279,-0.588322,0.000000,0.000000,0.000000,0.000000,1.000000>,<9.390000>,<MA_matrix_G1>,<1>,<77511>
<563.361523,225.193091,-176.289435>,<0.331161,0.941154,-0.067542,0.000000,-0.738123,0.302982,0.602808,0.000000,0.587799,-0.149772,0.795023,0.000000,0.000000,0.000000,0.000000,1.000000>,<9.390000>,<MA_matrix_G1>,<1>,<82420>
<363.892760,522.348797,-292.321189>,<-0.566483,0.737508,0.367666,0.000000,0.336321,0.614217,-0.713881,0.000000,-0.752320,-0.280748,-0.595983,0.000000,0.000000,0.000000,0.000000,1.000000>,<9.390000>,<MA_matrix_G1>,<1>,<71438>
<618.295099,100.066025,-65.624165>,<-0.068246,0.984476,-0.161710,0.000000,0.548868,0.172404,0.817937,0.000000,0.833119,-0.032936,-0.552113,0.000000,0.000000,0.000000,0.000000,1.000000>,<9.390000>,<MA_matrix_G1>,<1>,<82472>
<156.809882,641.291809,-226.836713>,<0.918717,0.233917,-0.318187,0.000000,-0.153834,0.954037,0.257193,0.000000,0.363724,-0.187339,0.912474,0.000000,0.000000,0.000000,0.000000,1.000000>,<9.390000>,<MA_matrix_G1>,<1>,<70970>
<393.134578,502.674725,22.434860>,<-0.081605,0.711654,0.697775,0.000000,0.346901,0.676614,-0.649502,0.000000,-0.934345,0.189056,-0.302088,0.000000,0.000000,0.000000,0.000000,1.000000>,<9.390000>,<MA_matrix_G1>,<1>,<70859>
<-537.664783,328.922527,-53.452304>,<0.440555,-0.813565,-0.379504,0.000000,0.664632,0.579761,-0.471318,0.000000,0.603469,-0.044589,0.796138,0.000000,0.000000,0.000000,0.000000,1.000000>,<9.390000>,<MA_matrix_G1>,<1>,<73526>
<58.976173,20.732904,-733.212433>,<0.930426,0.032557,0.365031,0.000000,-0.366435,0.067169,0.928016,0.000000,0.005694,-0.997210,0.074426,0.000000,0.000000,0.000000,0.000000,1.000000>,<9.390000>,<MA_matrix_G1>,<1>,<72170>
<261.670854,-2.051189,650.359606>,<-0.868534,0.340205,0.360428,0.000000,0.334159,-0.135130,0.932780,0.000000,0.366041,0.930591,0.003682,0.000000,0.000000,0.000000,0.000000,1.000000>,<9.390000>,<MA_matrix_G1>,<1>,<69548>
<431.541882,315.380636,396.040930>,<0.513570,0.702583,-0.492568,0.000000,-0.850391,0.493283,-0.183047,0.000000,0.114370,0.512883,0.850806,0.000000,0.000000,0.000000,0.000000,1.000000>,<9.390000>,<MA_matrix_G1>,<1>,<70063>
<251.930458,617.000560,-150.406225>,<-0.627092,0.309431,-0.714849,0.000000,0.254773,0.948715,0.187166,0.000000,0.736102,-0.064754,-0.673766,0.000000,0.000000,0.000000,0.000000,1.000000>,<9.390000>,<MA_matrix_G1>,<1>,<70942>
<2.098389,612.077840,-359.532346>,<0.603454,-0.050386,0.795804,0.000000,-0.250493,0.935502,0.249178,0.000000,-0.757031,-0.349710,0.551911,0.000000,0.000000,0.000000,0.000000,1.000000>,<9.390000>,<MA_matrix_G1>,<1>,<67081>
<629.052929,53.927387,66.772909>,<-0.049784,0.994377,-0.093469,0.000000,0.098474,0.098016,0.990301,0.000000,0.993894,0.040097,-0.102800,0.000000,0.000000,0.000000,0.000000,1.000000>,<9.390000>,<MA_matrix_G1>,<1>,<81735>
<65.076645,633.531845,-306.095473>,<-0.017117,-0.083211,0.996385,0.000000,-0.351650,0.933366,0.071907,0.000000,-0.935975,-0.349148,-0.045238,0.000000,0.000000,0.000000,0.000000,1.000000>,<9.390000>,<MA_matrix_G1>,<1>,<71034>
<327.915792,532.421755,121.330820>,<-0.414892,0.606677,-0.678091,0.000000,0.133547,0.777794,0.614168,0.000000,0.900016,0.164257,-0.403720,0.000000,0.000000,0.000000,0.000000,1.000000>,<9.390000>,<MA_matrix_G1>,<1>,<70673>
<-18.970058,662.471185,-115.210568>,<0.789936,-0.047723,-0.611330,0.000000,0.035668,0.998855,-0.031886,0.000000,0.612151,0.003383,0.790733,0.000000,0.000000,0.000000,0.000000,1.000000>,<9.390000>,<MA_matrix_G1>,<1>,<67201>
<362.443842,-54.521770,-582.716592>,<0.333093,0.660334,0.673059,0.000000,-0.833270,-0.127905,0.537867,0.000000,0.441260,-0.740000,0.507632,0.000000,0.000000,0.000000,0.000000,1.000000>,<9.390000>,<MA_matrix_G1>,<1>,<78405>
<467.126057,-20.802186,491.912733>,<-0.601471,0.702937,-0.379620,0.000000,-0.625801,-0.119187,0.770823,0.000000,0.496594,0.701194,0.511586,0.000000,0.000000,0.000000,0.000000,1.000000>,<9.390000>,<MA_matrix_G1>,<1>,<82220>
<344.003998,556.627869,-234.141339>,<0.085383,0.605628,-0.791154,0.000000,0.348953,0.725584,0.593094,0.000000,0.933242,-0.326716,-0.149383,0.000000,0.000000,0.000000,0.000000,1.000000>,<9.390000>,<MA_matrix_G1>,<1>,<71391>
<-347.925603,33.172869,613.356274>,<-0.347777,-0.253444,0.902672,0.000000,0.935377,-0.027873,0.352552,0.000000,-0.064192,0.966948,0.246760,0.000000,0.000000,0.000000,0.000000,1.000000>,<9.390000>,<MA_matrix_G1>,<1>,<69501>
<-94.299365,-192.919179,-700.512633>,<0.689138,-0.277232,-0.669501,0.000000,0.623163,-0.244777,0.742800,0.000000,-0.369807,-0.929100,0.004075,0.000000,0.000000,0.000000,0.000000,1.000000>,<9.390000>,<MA_matrix_G1>,<1>,<78867>
<522.036357,331.193195,-184.545212>,<0.137156,0.920432,-0.366052,0.000000,-0.038269,0.374192,0.926561,0.000000,0.989810,-0.113075,0.086547,0.000000,0.000000,0.000000,0.000000,1.000000>,<9.390000>,<MA_matrix_G1>,<1>,<71267>
<-529.221095,354.588370,70.942028>,<0.455905,-0.773471,0.440332,0.000000,0.553622,0.633826,0.540155,0.000000,-0.696888,-0.002482,0.717175,0.000000,0.000000,0.000000,0.000000,1.000000>,<9.390000>,<MA_matrix_G1>,<1>,<68641>
<228.245993,608.080546,8.798633>,<-0.450269,0.283233,-0.846780,0.000000,-0.001718,0.948079,0.318029,0.000000,0.892891,0.144654,-0.426404,0.000000,0.000000,0.000000,0.000000,1.000000>,<9.390000>,<MA_matrix_G1>,<1>,<70713>
<584.079744,152.619338,217.136952>,<0.365332,0.897198,0.248131,0.000000,-0.196998,0.335036,-0.921381,0.000000,-0.909794,0.287728,0.299146,0.000000,0.000000,0.000000,0.000000,1.000000>,<9.390000>,<MA_matrix_G1>,<1>,<81744>
<325.074824,422.390068,394.919809>,<-0.775750,0.448107,0.444311,0.000000,0.617002,0.686300,0.385098,0.000000,-0.132366,0.572881,-0.808880,0.000000,0.000000,0.000000,0.000000,1.000000>,<9.390000>,<MA_matrix_G1>,<1>,<69846>
<-60.713901,286.707262,-662.693824>,<-0.955587,-0.292127,-0.038941,0.000000,-0.091611,0.420029,-0.902875,0.000000,0.280110,-0.859208,-0.428136,0.000000,0.000000,0.000000,0.000000,1.000000>,<9.390000>,<MA_matrix_G1>,<1>,<72450>
<16.100164,656.508083,-214.674919>,<0.988873,0.003134,0.148726,0.000000,-0.030953,0.982230,0.185109,0.000000,-0.145504,-0.187653,0.971399,0.000000,0.000000,0.000000,0.000000,1.000000>,<9.390000>,<MA_matrix_G1>,<1>,<70836>
<555.604352,262.297863,106.296525>,<-0.571641,0.807963,0.142908,0.000000,0.757558,0.586622,-0.286321,0.000000,-0.315169,-0.055412,-0.947416,0.000000,0.000000,0.000000,0.000000,1.000000>,<9.390000>,<MA_matrix_G1>,<1>,<81603>
<407.548833,-457.346915,232.178940>,<0.788820,0.576105,-0.214162,0.000000,0.409947,-0.752775,-0.515046,0.000000,-0.457936,0.318484,-0.829977,0.000000,0.000000,0.000000,0.000000,1.000000>,<9.390000>,<MA_matrix_G1>,<1>,<76670>
<304.778615,314.502746,511.209085>,<0.865332,0.465341,-0.186169,0.000000,-0.433258,0.507771,-0.744618,0.000000,-0.251970,0.725001,0.641003,0.000000,0.000000,0.000000,0.000000,1.000000>,<9.390000>,<MA_matrix_G1>,<1>,<69901>
<105.988156,-273.278457,629.808867>,<0.938462,0.064014,0.339399,0.000000,0.329070,-0.464153,-0.822360,0.000000,0.104891,0.883439,-0.456655,0.000000,0.000000,0.000000,0.000000,1.000000>,<9.390000>,<MA_matrix_G1>,<1>,<75760>
<391.322559,-190.780012,-515.588732>,<-0.714119,0.699135,-0.035283,0.000000,-0.280022,-0.331491,-0.900945,0.000000,-0.641578,-0.633501,0.432498,0.000000,0.000000,0.000000,0.000000,1.000000>,<9.390000>,<MA_matrix_G1>,<1>,<78196>
<45.712394,111.996249,679.401756>,<-0.772065,0.187498,0.607256,0.000000,0.633483,0.303910,0.711574,0.000000,-0.051133,0.934068,-0.353415,0.000000,0.000000,0.000000,0.000000,1.000000>,<9.390000>,<MA_matrix_G1>,<1>,<69337>
<606.486144,-309.824618,-109.436293>,<-0.235080,0.874727,-0.423780,0.000000,-0.222765,-0.472880,-0.852502,0.000000,-0.946104,-0.106003,0.306023,0.000000,0.000000,0.000000,0.000000,1.000000>,<9.390000>,<MA_matrix_G1>,<1>,<83073>
<320.894736,3.555878,618.700626>,<0.843319,0.522942,0.123874,0.000000,0.126787,0.030396,-0.991464,0.000000,-0.522244,0.851826,-0.040668,0.000000,0.000000,0.000000,0.000000,1.000000>,<9.390000>,<MA_matrix_G1>,<1>,<69544>
<116.952650,640.011955,10.929759>,<0.374296,0.185890,-0.908486,0.000000,-0.190593,0.974207,0.120813,0.000000,0.907511,0.127931,0.400071,0.000000,0.000000,0.000000,0.000000,1.000000>,<9.390000>,<MA_matrix_G1>,<1>,<70638>
<503.666268,-129.651616,416.502033>,<-0.259051,0.807774,-0.529523,0.000000,-0.965444,-0.232712,0.117315,0.000000,-0.028462,0.541615,0.840145,0.000000,0.000000,0.000000,0.000000,1.000000>,<9.390000>,<MA_matrix_G1>,<1>,<82326>
<633.777585,-245.124981,-19.051460>,<-0.023552,0.922931,0.384245,0.000000,0.481444,-0.326376,0.813443,0.000000,0.876161,0.204150,-0.436653,0.000000,0.000000,0.000000,0.000000,1.000000>,<9.390000>,<MA_matrix_G1>,<1>,<82866>
<-14.774701,-646.225145,50.326175>,<0.930177,-0.000250,-0.367111,0.000000,-0.034829,-0.995549,-0.087571,0.000000,-0.365455,0.094243,-0.926046,0.000000,0.000000,0.000000,0.000000,1.000000>,<9.390000>,<MA_matrix_G1>,<1>,<73773>
<-467.858972,424.094387,-97.666449>,<0.171102,-0.776197,0.606829,0.000000,0.065655,0.623525,0.779041,0.000000,-0.983063,-0.093454,0.157647,0.000000,0.000000,0.000000,0.000000,1.000000>,<9.390000>,<MA_matrix_G1>,<1>,<73256>
<-298.205816,582.654115,-31.998114>,<0.292347,-0.605961,0.739828,0.000000,0.378072,0.783836,0.492609,0.000000,-0.878405,0.135695,0.458248,0.000000,0.000000,0.000000,0.000000,1.000000>,<9.390000>,<MA_matrix_G1>,<1>,<67475>
<571.709654,-128.456913,-313.600943>,<-0.630055,0.774441,0.057201,0.000000,-0.170593,-0.066174,-0.983117,0.000000,-0.757581,-0.629176,0.173807,0.000000,0.000000,0.000000,0.000000,1.000000>,<9.390000>,<MA_matrix_G1>,<1>,<82916>
<101.638204,333.119357,574.870207>,<-0.904086,0.163564,-0.394810,0.000000,-0.263237,0.514636,0.816000,0.000000,0.336652,0.841663,-0.422219,0.000000,0.000000,0.000000,0.000000,1.000000>,<9.390000>,<MA_matrix_G1>,<1>,<68977>
<-276.573702,204.650078,603.876415>,<-0.904896,-0.313446,0.287948,0.000000,0.131848,0.436814,0.889837,0.000000,-0.404696,0.843176,-0.353944,0.000000,0.000000,0.000000,0.000000,1.000000>,<9.390000>,<MA_matrix_G1>,<1>,<69166>
<476.749710,-163.563453,-435.796593>,<-0.244953,0.646208,-0.722782,0.000000,0.859821,-0.199688,-0.469928,0.000000,-0.448002,-0.736573,-0.506709,0.000000,0.000000,0.000000,0.000000,1.000000>,<9.390000>,<MA_matrix_G1>,<1>,<78014>
<418.163906,192.906848,-511.163077>,<-0.457945,0.672622,0.581262,0.000000,-0.690085,0.143223,-0.709415,0.000000,-0.560419,-0.725993,0.398578,0.000000,0.000000,0.000000,0.000000,1.000000>,<9.390000>,<MA_matrix_G1>,<1>,<71702>
<-515.229552,10.118949,521.116418>,<-0.123276,-0.588451,-0.799080,0.000000,-0.954375,-0.150385,0.257978,0.000000,-0.271977,0.794424,-0.543064,0.000000,0.000000,0.000000,0.000000,1.000000>,<9.390000>,<MA_matrix_G1>,<1>,<80870>
<-624.183497,210.156777,133.520292>,<0.440337,-0.884535,-0.153953,0.000000,0.856740,0.465242,-0.222592,0.000000,0.268516,-0.033882,0.962679,0.000000,0.000000,0.000000,0.000000,1.000000>,<9.390000>,<MA_matrix_G1>,<1>,<81310>
<357.463033,286.733919,-537.891210>,<0.317526,0.599162,-0.734971,0.000000,0.722949,0.348594,0.596513,0.000000,0.613614,-0.720754,-0.322476,0.000000,0.000000,0.000000,0.000000,1.000000>,<9.390000>,<MA_matrix_G1>,<1>,<71763>
<297.259950,-201.998424,605.313042>,<0.705398,0.432230,-0.561775,0.000000,-0.461176,-0.321995,-0.826823,0.000000,-0.538266,0.842316,-0.027801,0.000000,0.000000,0.000000,0.000000,1.000000>,<9.390000>,<MA_matrix_G1>,<1>,<76033>
<-338.768846,-226.457587,-582.842584>,<0.813924,-0.510885,-0.276632,0.000000,0.135604,-0.295942,0.945531,0.000000,-0.564924,-0.807103,-0.171596,0.000000,0.000000,0.000000,0.000000,1.000000>,<9.390000>,<MA_matrix_G1>,<1>,<79362>
<492.967230,-368.083964,-306.121524>,<0.254389,0.690295,0.677333,0.000000,-0.542810,-0.477736,0.690743,0.000000,0.800402,-0.543380,0.253168,0.000000,0.000000,0.000000,0.000000,1.000000>,<9.390000>,<MA_matrix_G1>,<1>,<77859>
<304.314944,-593.294877,-120.585662>,<-0.571633,0.306682,0.761040,0.000000,-0.180922,-0.951804,0.247662,0.000000,0.800314,0.003883,0.599568,0.000000,0.000000,0.000000,0.000000,1.000000>,<9.390000>,<MA_matrix_G1>,<1>,<77140>
<38.964608,254.241388,-684.300116>,<-0.552785,0.101793,0.827084,0.000000,-0.778613,0.290608,-0.556155,0.000000,-0.296970,-0.951412,-0.081386,0.000000,0.000000,0.000000,0.000000,1.000000>,<9.390000>,<MA_matrix_G1>,<1>,<72312>
<163.296193,-111.131342,-700.556896>,<0.884489,0.327810,-0.331994,0.000000,0.409464,-0.204298,0.889158,0.000000,0.223649,-0.922390,-0.314926,0.000000,0.000000,0.000000,0.000000,1.000000>,<9.390000>,<MA_matrix_G1>,<1>,<78590>
<286.559634,430.202021,-506.689453>,<-0.036255,0.587714,0.808256,0.000000,-0.747963,0.520418,-0.411967,0.000000,-0.662750,-0.619482,0.420720,0.000000,0.000000,0.000000,0.000000,1.000000>,<9.390000>,<MA_matrix_G1>,<1>,<71756>
<167.806490,528.313737,339.404800>,<-0.865354,0.267344,0.423899,0.000000,0.459351,0.761330,0.457572,0.000000,-0.200398,0.590680,-0.781625,0.000000,0.000000,0.000000,0.000000,1.000000>,<9.390000>,<MA_matrix_G1>,<1>,<69651>
<476.775072,-245.481019,-402.922790>,<0.195891,0.659564,-0.725674,0.000000,0.886683,-0.435196,-0.156194,0.000000,-0.418831,-0.612846,-0.670075,0.000000,0.000000,0.000000,0.000000,1.000000>,<9.390000>,<MA_matrix_G1>,<1>,<77966>
<73.012715,547.550927,340.611893>,<0.067336,0.197999,0.977887,0.000000,0.504627,0.838749,-0.204575,0.000000,-0.860707,0.507243,-0.043438,0.000000,0.000000,0.000000,0.000000,1.000000>,<9.390000>,<MA_matrix_G1>,<1>,<69598>
<550.246940,-399.758425,2.677184>,<-0.599060,0.770228,-0.218807,0.000000,-0.786968,-0.616773,-0.016518,0.000000,-0.147677,0.162298,0.975628,0.000000,0.000000,0.000000,0.000000,1.000000>,<9.390000>,<MA_matrix_G1>,<1>,<76889>
<-102.355896,161.947228,660.619526>,<0.984861,-0.137605,0.105417,0.000000,0.137052,0.245778,-0.959588,0.000000,0.106135,0.959509,0.260916,0.000000,0.000000,0.000000,0.000000,1.000000>,<9.390000>,<MA_matrix_G1>,<1>,<69246>
<-182.707220,-359.335928,520.137906>,<-0.963385,-0.232180,0.134098,0.000000,0.254773,-0.636855,0.727672,0.000000,-0.083549,0.735193,0.672689,0.000000,0.000000,0.000000,0.000000,1.000000>,<9.390000>,<MA_matrix_G1>,<1>,<74714>
<508.416548,-439.573136,41.092368>,<0.248433,0.634792,-0.731655,0.000000,0.029461,-0.759938,-0.649327,0.000000,-0.968201,0.139759,-0.207496,0.000000,0.000000,0.000000,0.000000,1.000000>,<9.390000>,<MA_matrix_G1>,<1>,<76915>
<-262.621928,595.393423,-179.999358>,<0.577842,-0.478223,-0.661363,0.000000,0.467158,0.858272,-0.212443,0.000000,0.669225,-0.186202,0.719351,0.000000,0.000000,0.000000,0.000000,1.000000>,<9.390000>,<MA_matrix_G1>,<1>,<67285>
<537.570701,71.716469,-355.189520>,<-0.141821,0.880945,-0.451468,0.000000,0.989028,0.107048,-0.101804,0.000000,-0.041355,-0.460953,-0.886461,0.000000,0.000000,0.000000,0.000000,1.000000>,<9.390000>,<MA_matrix_G1>,<1>,<82670>
<-172.733591,482.199429,440.971741>,<-0.979401,-0.133435,0.151556,0.000000,-0.048940,0.885033,0.462949,0.000000,-0.195906,0.445995,-0.873332,0.000000,0.000000,0.000000,0.000000,1.000000>,<9.390000>,<MA_matrix_G1>,<1>,<68036>
<355.204555,-354.260255,468.044275>,<-0.492728,0.530235,-0.689978,0.000000,-0.750792,-0.659901,0.029035,0.000000,-0.439922,0.532336,0.723248,0.000000,0.000000,0.000000,0.000000,1.000000>,<9.390000>,<MA_matrix_G1>,<1>,<76328>
<-326.450788,243.026875,567.122028>,<-0.676782,-0.300812,0.671921,0.000000,0.524384,0.443627,0.726785,0.000000,-0.516708,0.844220,-0.142497,0.000000,0.000000,0.000000,0.000000,1.000000>,<9.390000>,<MA_matrix_G1>,<1>,<68322>
<203.218781,553.064704,-419.107935>,<0.756765,0.282215,-0.589628,0.000000,0.159525,0.795000,0.585258,0.000000,0.633923,-0.536963,0.556608,0.000000,0.000000,0.000000,0.000000,1.000000>,<9.390000>,<MA_matrix_G1>,<1>,<71715>
<174.764294,566.929234,244.202192>,<0.667322,0.336273,-0.664532,0.000000,-0.463955,0.885681,-0.017723,0.000000,0.582604,0.320140,0.747050,0.000000,0.000000,0.000000,0.000000,1.000000>,<9.390000>,<MA_matrix_G1>,<1>,<70477>
<-46.992866,-77.255708,-728.236974>,<-0.993681,-0.059101,-0.095425,0.000000,0.103213,-0.146988,-0.983739,0.000000,0.044114,-0.987371,0.152159,0.000000,0.000000,0.000000,0.000000,1.000000>,<9.390000>,<MA_matrix_G1>,<1>,<78736>
<-46.306451,-183.370363,660.274830>,<-0.951375,-0.201762,0.232763,0.000000,0.294303,-0.372250,0.880236,0.000000,-0.090952,0.905937,0.413528,0.000000,0.000000,0.000000,0.000000,1.000000>,<9.390000>,<MA_matrix_G1>,<1>,<75521>
<457.850540,278.140564,-414.049219>,<-0.141619,0.771702,-0.620016,0.000000,0.877486,0.387777,0.282218,0.000000,0.458216,-0.504088,-0.732075,0.000000,0.000000,0.000000,0.000000,1.000000>,<9.390000>,<MA_matrix_G1>,<1>,<71524>
<561.640348,-360.963518,-195.687235>,<-0.565736,0.775217,-0.281038,0.000000,-0.310838,-0.516172,-0.798089,0.000000,-0.763756,-0.364150,0.532984,0.000000,0.000000,0.000000,0.000000,1.000000>,<9.390000>,<MA_matrix_G1>,<1>,<77743>
<-522.832001,-380.592479,-255.780727>,<0.596211,-0.780775,-0.186875,0.000000,-0.521753,-0.553743,0.648955,0.000000,-0.610169,-0.289412,-0.737519,0.000000,0.000000,0.000000,0.000000,1.000000>,<9.390000>,<MA_matrix_G1>,<1>,<79702>
<-65.724296,652.233309,-1.358835>,<0.540738,-0.162096,0.825425,0.000000,0.244252,0.969238,0.030327,0.000000,-0.804949,0.185213,0.563696,0.000000,0.000000,0.000000,0.000000,1.000000>,<9.390000>,<MA_matrix_G1>,<1>,<67337>
<280.417689,514.139985,278.000436>,<-0.379109,0.497782,0.780057,0.000000,0.512062,0.815004,-0.271220,0.000000,-0.770759,0.296615,-0.563871,0.000000,0.000000,0.000000,0.000000,1.000000>,<9.390000>,<MA_matrix_G1>,<1>,<69737>
<118.897815,487.073056,432.115377>,<-0.721689,0.159600,0.673567,0.000000,0.541641,0.736107,0.405920,0.000000,-0.431033,0.657780,-0.617687,0.000000,0.000000,0.000000,0.000000,1.000000>,<9.390000>,<MA_matrix_G1>,<1>,<69645>
<257.916208,306.425205,-603.102221>,<-0.279134,0.393956,0.875718,0.000000,-0.807196,0.397696,-0.436203,0.000000,-0.520115,-0.828635,0.206989,0.000000,0.000000,0.000000,0.000000,1.000000>,<9.390000>,<MA_matrix_G1>,<1>,<71983>
<606.714762,59.899137,205.495559>,<0.112618,0.942069,0.315949,0.000000,0.869385,0.060544,-0.490412,0.000000,-0.481131,0.329910,-0.812202,0.000000,0.000000,0.000000,0.000000,1.000000>,<9.390000>,<MA_matrix_G1>,<1>,<81825>
<383.826524,486.534451,136.407894>,<-0.448147,0.706323,-0.547971,0.000000,0.303148,0.696723,0.650137,0.000000,0.840991,0.125240,-0.526354,0.000000,0.000000,0.000000,0.000000,1.000000>,<9.390000>,<MA_matrix_G1>,<1>,<70700>
<494.558180,385.661076,-151.693158>,<0.314347,0.894424,0.318107,0.000000,-0.714535,0.443544,-0.541026,0.000000,-0.625001,-0.057229,0.778524,0.000000,0.000000,0.000000,0.000000,1.000000>,<9.390000>,<MA_matrix_G1>,<1>,<71251>
<309.877021,464.967340,-448.474947>,<-0.409805,0.565628,0.715629,0.000000,-0.487477,0.527303,-0.695930,0.000000,-0.770990,-0.634048,0.059639,0.000000,0.000000,0.000000,0.000000,1.000000>,<9.390000>,<MA_matrix_G1>,<1>,<71657>
<-222.075589,177.185942,-648.834653>,<0.711094,-0.405887,-0.574108,0.000000,0.690449,0.248941,0.679197,0.000000,-0.132758,-0.879366,0.457265,0.000000,0.000000,0.000000,0.000000,1.000000>,<9.390000>,<MA_matrix_G1>,<1>,<72620>
<195.492568,-582.753375,185.006195>,<0.980096,0.182625,-0.077847,0.000000,0.143795,-0.923405,-0.355874,0.000000,-0.136876,0.337596,-0.931286,0.000000,0.000000,0.000000,0.000000,1.000000>,<9.390000>,<MA_matrix_G1>,<1>,<77282>
<-69.114800,656.735020,-168.751036>,<0.985792,-0.165626,0.027963,0.000000,0.161981,0.981437,0.102680,0.000000,-0.044451,-0.096692,0.994321,0.000000,0.000000,0.000000,0.000000,1.000000>,<9.390000>,<MA_matrix_G1>,<1>,<67189>
<-100.148201,-622.554447,162.340514>,<0.632108,-0.130109,-0.763879,0.000000,-0.247453,-0.968079,-0.039878,0.000000,-0.734306,0.214231,-0.644127,0.000000,0.000000,0.000000,0.000000,1.000000>,<9.390000>,<MA_matrix_G1>,<1>,<73727>
<456.571810,-502.881471,-51.279017>,<-0.683447,0.615793,-0.392045,0.000000,-0.574494,-0.785059,-0.231600,0.000000,-0.450396,0.066941,0.890316,0.000000,0.000000,0.000000,0.000000,1.000000>,<9.390000>,<MA_matrix_G1>,<1>,<76963>
<-250.508985,-310.360656,535.104695>,<-0.678363,-0.314353,0.664083,0.000000,0.714757,-0.491649,0.497397,0.000000,0.170138,0.812073,0.558203,0.000000,0.000000,0.000000,0.000000,1.000000>,<9.390000>,<MA_matrix_G1>,<1>,<74653>
<566.814641,156.171633,-245.852605>,<0.318362,0.947323,-0.035008,0.000000,-0.380741,0.161599,0.910452,0.000000,0.868149,-0.276524,0.412131,0.000000,0.000000,0.000000,0.000000,1.000000>,<9.390000>,<MA_matrix_G1>,<1>,<82515>
<546.197245,68.589514,365.293248>,<0.303942,0.873812,-0.379568,0.000000,-0.868507,0.090394,-0.487366,0.000000,-0.391555,0.477789,0.786386,0.000000,0.000000,0.000000,0.000000,1.000000>,<9.390000>,<MA_matrix_G1>,<1>,<81932>
<484.704067,383.586729,65.884153>,<-0.509272,0.857777,-0.069717,0.000000,0.805388,0.503580,0.312663,0.000000,0.303303,0.103081,-0.947302,0.000000,0.000000,0.000000,0.000000,1.000000>,<9.390000>,<MA_matrix_G1>,<1>,<70143>
<-501.041536,384.990525,168.425785>,<0.585085,-0.784281,-0.206345,0.000000,0.711318,0.618501,-0.333891,0.000000,0.389489,0.048578,0.919749,0.000000,0.000000,0.000000,0.000000,1.000000>,<9.390000>,<MA_matrix_G1>,<1>,<68496>
<330.923808,-570.709288,29.114891>,<0.121066,0.439058,0.890265,0.000000,0.339754,-0.861020,0.378433,0.000000,0.932690,0.256656,-0.253412,0.000000,0.000000,0.000000,0.000000,1.000000>,<9.390000>,<MA_matrix_G1>,<1>,<77103>
<274.103364,-517.067666,-374.861317>,<-0.675525,0.356468,-0.645443,0.000000,0.174790,-0.773000,-0.609852,0.000000,-0.716320,-0.524787,0.459874,0.000000,0.000000,0.000000,0.000000,1.000000>,<9.390000>,<MA_matrix_G1>,<1>,<78089>
<625.350063,-204.850411,-188.681128>,<-0.167671,0.924832,0.341426,0.000000,-0.961359,-0.230094,0.151147,0.000000,0.218345,-0.302890,0.927676,0.000000,0.000000,0.000000,0.000000,1.000000>,<9.390000>,<MA_matrix_G1>,<1>,<82923>
<-106.364967,570.985963,291.151271>,<0.583584,-0.061275,0.809737,0.000000,0.338965,0.924505,-0.174335,0.000000,-0.737924,0.376212,0.560297,0.000000,0.000000,0.000000,0.000000,1.000000>,<9.390000>,<MA_matrix_G1>,<1>,<67867>
<409.953036,439.132061,213.617460>,<0.655309,0.722995,-0.218742,0.000000,-0.750153,0.656853,-0.076253,0.000000,0.088551,0.214059,0.972799,0.000000,0.000000,0.000000,0.000000,1.000000>,<9.390000>,<MA_matrix_G1>,<1>,<69937>
<53.701148,-386.525008,-619.059012>,<-0.910473,0.171658,-0.376262,0.000000,0.131802,-0.741917,-0.657409,0.000000,-0.392005,-0.648145,0.652870,0.000000,0.000000,0.000000,0.000000,1.000000>,<9.390000>,<MA_matrix_G1>,<1>,<78850>
<-48.220206,535.335411,-482.067504>,<0.622571,-0.131456,0.771443,0.000000,-0.382322,0.809044,0.446405,0.000000,-0.682814,-0.572859,0.453429,0.000000,0.000000,0.000000,0.000000,1.000000>,<9.390000>,<MA_matrix_G1>,<1>,<72710>
<-576.837540,281.243530,39.329541>,<-0.427822,-0.786522,-0.445367,0.000000,-0.556889,0.617476,-0.555516,0.000000,0.711929,0.010358,-0.702175,0.000000,0.000000,0.000000,0.000000,1.000000>,<9.390000>,<MA_matrix_G1>,<1>,<81482>
<190.095387,-504.790464,381.576227>,<0.135709,0.246658,0.959553,0.000000,0.545258,-0.827239,0.135530,0.000000,0.827210,0.504812,-0.246756,0.000000,0.000000,0.000000,0.000000,1.000000>,<9.390000>,<MA_matrix_G1>,<1>,<76615>
<140.704650,267.807718,608.486945>,<0.030873,0.138388,0.989897,0.000000,0.898300,0.430440,-0.088192,0.000000,-0.438296,0.891947,-0.111025,0.000000,0.000000,0.000000,0.000000,1.000000>,<9.390000>,<MA_matrix_G1>,<1>,<69067>
