<-163.455108,84.526895,98.948688>,<0.605646,0.022420,0.795418,0.000000,0.792862,-0.101854,-0.600829,0.000000,0.067546,0.994547,-0.079463,0.000000,0.000000,0.000000,0.000000,1.000000>,<-1.000000>,<Ves161MeshsParent>,<1>,<154443>
<-0.812380,164.226899,77.981183>,<0.732564,0.675188,-0.086430,0.000000,0.126121,-0.259406,-0.957498,0.000000,-0.668912,0.690528,-0.275187,0.000000,0.000000,0.000000,0.000000,1.000000>,<85.000000>,<Ves88MeshsParent>,<1>,<154381>
<-193.196691,-18.867790,118.128954>,<-0.112200,0.208060,0.971659,0.000000,0.855481,0.517694,-0.012068,0.000000,-0.505533,0.829882,-0.236077,0.000000,0.000000,0.000000,0.000000,1.000000>,<85.000000>,<Ves88MeshsParent>,<1>,<155228>
<155.958008,-34.809362,95.565713>,<-0.440729,0.173034,-0.880805,0.000000,-0.000869,0.981162,0.193184,0.000000,0.897640,0.085907,-0.432276,0.000000,0.000000,0.000000,0.000000,1.000000>,<85.000000>,<Ves88MeshsParent>,<1>,<155298>
<97.980650,150.910467,-114.446002>,<-0.488203,0.596323,-0.637226,0.000000,-0.191886,-0.785629,-0.588189,0.000000,-0.851374,-0.164881,0.497972,0.000000,0.000000,0.000000,0.000000,1.000000>,<85.000000>,<Ves88MeshsParent>,<1>,<154634>
<-116.000151,-144.293597,71.711781>,<-0.301280,0.825308,0.477595,0.000000,0.325930,-0.381567,0.864972,0.000000,0.896103,0.416261,-0.154034,0.000000,0.000000,0.000000,0.000000,1.000000>,<85.000000>,<Ves88MeshsParent>,<1>,<154882>
<-131.529714,-138.091789,9.814528>,<-0.310990,0.693453,0.649929,0.000000,0.131644,-0.645817,0.752057,0.000000,0.941252,0.319442,0.109554,0.000000,0.000000,0.000000,0.000000,1.000000>,<85.000000>,<Ves88MeshsParent>,<1>,<154810>
<-1.132083,149.781785,125.316520>,<-0.786925,0.608291,-0.103589,0.000000,0.415624,0.398441,-0.817620,0.000000,-0.456076,-0.686460,-0.566363,0.000000,0.000000,0.000000,0.000000,1.000000>,<85.000000>,<Ves88MeshsParent>,<1>,<154459>
<-92.576117,-99.219737,-172.067828>,<0.711161,-0.534673,0.456480,0.000000,0.188354,0.770473,0.609011,0.000000,-0.677327,-0.347125,0.648638,0.000000,0.000000,0.000000,0.000000,1.000000>,<85.000000>,<Ves88MeshsParent>,<1>,<155145>
<36.245448,-182.205232,-89.418167>,<0.013430,0.980805,-0.194530,0.000000,-0.205748,0.193095,0.959365,0.000000,0.978513,0.027140,0.204392,0.000000,0.000000,0.000000,0.000000,1.000000>,<85.000000>,<Ves88MeshsParent>,<1>,<155015>
<-13.816623,-118.595279,-198.349035>,<0.435831,0.889041,0.140203,0.000000,-0.683332,0.225476,0.694419,0.000000,0.585755,-0.398455,0.705780,0.000000,0.000000,0.000000,0.000000,1.000000>,<85.000000>,<Ves88MeshsParent>,<1>,<155111>
<-74.204369,-36.726203,184.121257>,<0.189152,0.952091,0.240301,0.000000,0.847658,-0.281851,0.449485,0.000000,0.495679,0.118672,-0.860360,0.000000,0.000000,0.000000,0.000000,1.000000>,<85.000000>,<Ves88MeshsParent>,<1>,<154889>
<149.029141,-17.739153,-115.456403>,<0.077655,0.549898,-0.831614,0.000000,-0.941566,0.314671,0.120151,0.000000,0.327755,0.773689,0.542201,0.000000,0.000000,0.000000,0.000000,1.000000>,<85.000000>,<Ves88MeshsParent>,<1>,<155332>
<72.928945,170.666904,-132.225233>,<-0.663861,-0.690256,-0.287812,0.000000,0.612155,-0.280476,-0.739323,0.000000,0.429598,-0.666993,0.608741,0.000000,0.000000,0.000000,0.000000,1.000000>,<85.000000>,<Ves88MeshsParent>,<1>,<154641>
<73.084034,-168.308075,-107.095583>,<0.837805,-0.487127,-0.246554,0.000000,0.407650,0.257730,0.876011,0.000000,-0.363185,-0.834435,0.414506,0.000000,0.000000,0.000000,0.000000,1.000000>,<85.000000>,<Ves88MeshsParent>,<1>,<155059>
<174.433731,21.428382,-34.956623>,<-0.151498,-0.258550,-0.954044,0.000000,0.771489,0.572464,-0.277649,0.000000,0.617942,-0.778098,0.112742,0.000000,0.000000,0.000000,0.000000,1.000000>,<-1.000000>,<Ves167MeshsParent>,<1>,<155310>
<-157.993436,63.720355,-95.834436>,<0.055108,0.498144,0.865341,0.000000,-0.413341,0.800292,-0.434375,0.000000,-0.908907,-0.333743,0.250006,0.000000,0.000000,0.000000,0.000000,1.000000>,<-1.000000>,<Ves167MeshsParent>,<1>,<154762>
<-58.995438,41.363585,-206.833706>,<-0.920680,0.244736,0.304062,0.000000,-0.299978,-0.942071,-0.150052,0.000000,0.249725,-0.229361,0.940761,0.000000,0.000000,0.000000,0.000000,1.000000>,<-1.000000>,<Ves167MeshsParent>,<1>,<154700>
<72.622480,-25.519403,-209.006031>,<-0.843559,0.021497,-0.536607,0.000000,-0.257227,-0.893298,0.368582,0.000000,-0.471427,0.448950,0.759079,0.000000,0.000000,0.000000,0.000000,1.000000>,<-1.000000>,<Ves167MeshsParent>,<1>,<155087>
<5.449966,-151.506519,111.293103>,<0.722952,-0.685721,-0.084424,0.000000,-0.273682,-0.396431,0.876322,0.000000,-0.634381,-0.610433,-0.474270,0.000000,0.000000,0.000000,0.000000,1.000000>,<-1.000000>,<Ves167MeshsParent>,<1>,<154931>
<-65.972601,-154.661840,-126.936689>,<-0.607233,0.749297,0.264238,0.000000,-0.095436,-0.398953,0.911991,0.000000,0.788771,0.528573,0.313768,0.000000,0.000000,0.000000,0.000000,1.000000>,<-1.000000>,<Ves167MeshsParent>,<1>,<155165>
<-23.936117,-190.214253,7.916232>,<-0.409156,0.894929,0.178027,0.000000,0.184165,-0.110097,0.976710,0.000000,0.893686,0.432413,-0.119768,0.000000,0.000000,0.000000,0.000000,1.000000>,<-1.000000>,<Ves167MeshsParent>,<1>,<154783>
<-193.165223,-57.411721,93.456247>,<0.091499,-0.219230,0.971373,0.000000,-0.805604,0.557093,0.201615,0.000000,-0.585346,-0.800990,-0.125640,0.000000,0.000000,0.000000,0.000000,1.000000>,<-1.000000>,<Ves167MeshsParent>,<1>,<155231>
<-132.312253,120.823080,-0.772400>,<-0.683313,-0.302400,0.664559,0.000000,-0.474774,-0.507454,-0.719083,0.000000,0.554684,-0.806873,0.203178,0.000000,0.000000,0.000000,0.000000,1.000000>,<-1.000000>,<Ves167MeshsParent>,<1>,<154389>
<30.641038,175.182804,-123.370293>,<-0.508525,0.860746,-0.022773,0.000000,-0.401311,-0.260327,-0.878168,0.000000,-0.761808,-0.437432,0.477809,0.000000,0.000000,0.000000,0.000000,1.000000>,<-1.000000>,<Ves167MeshsParent>,<1>,<154648>
<62.975090,-180.690750,-39.622109>,<0.161498,-0.985887,-0.044112,0.000000,-0.143679,-0.067711,0.987305,0.000000,-0.976358,-0.153110,-0.152587,0.000000,0.000000,0.000000,0.000000,1.000000>,<-1.000000>,<Ves167MeshsParent>,<1>,<155010>
<85.958245,137.825279,100.226700>,<-0.458995,-0.643036,-0.613049,0.000000,-0.188985,0.744904,-0.639846,0.000000,0.868106,-0.177829,-0.463431,0.000000,0.000000,0.000000,0.000000,1.000000>,<-1.000000>,<Ves167MeshsParent>,<1>,<154524>
<-37.180268,21.164289,200.763761>,<0.520514,-0.823609,0.225241,0.000000,-0.843054,-0.537548,-0.017351,0.000000,0.135368,-0.180859,-0.974149,0.000000,0.000000,0.000000,0.000000,1.000000>,<-1.000000>,<Ves167MeshsParent>,<1>,<154499>
<-129.981413,-115.592649,-113.491383>,<-0.858256,-0.007629,0.513164,0.000000,0.445495,-0.507521,0.737535,0.000000,0.254814,0.861606,0.438982,0.000000,0.000000,0.000000,0.000000,1.000000>,<-1.000000>,<Ves203MeshsParent>,<1>,<155155>
<-198.710430,-24.088236,-43.143775>,<0.092793,0.247164,0.964520,0.000000,-0.631631,0.763447,-0.134871,0.000000,-0.769696,-0.596706,0.226960,0.000000,0.000000,0.000000,0.000000,1.000000>,<-1.000000>,<Ves203MeshsParent>,<1>,<155188>
<-1.114797,87.323185,178.264159>,<-0.337750,-0.934139,-0.115370,0.000000,-0.842625,0.354703,-0.405178,0.000000,0.419415,-0.039635,-0.906929,0.000000,0.000000,0.000000,0.000000,1.000000>,<-1.000000>,<Ves133MeshsParent>,<1>,<154475>
<-149.849647,-109.727543,94.987597>,<0.654296,-0.471180,0.591512,0.000000,-0.630634,0.091732,0.770640,0.000000,-0.417370,-0.877254,-0.237122,0.000000,0.000000,0.000000,0.000000,1.000000>,<-1.000000>,<Ves133MeshsParent>,<1>,<154865>
<-147.479009,-125.088392,24.341445>,<0.583073,-0.543389,0.603949,0.000000,-0.480319,0.368986,0.795703,0.000000,-0.655225,-0.754041,-0.045854,0.000000,0.000000,0.000000,0.000000,1.000000>,<-1.000000>,<Ves135MeshsParent>,<1>,<154811>
<-41.346056,-68.710447,-205.224827>,<0.324517,0.882666,0.339983,0.000000,-0.920183,0.211391,0.329510,0.000000,0.218978,-0.419779,0.880815,0.000000,0.000000,0.000000,0.000000,1.000000>,<-1.000000>,<Ves135MeshsParent>,<1>,<155109>
<100.302455,-71.299473,-160.632701>,<-0.010650,-0.762481,-0.646923,0.000000,0.859233,-0.337899,0.384112,0.000000,-0.511473,-0.551767,0.658747,0.000000,0.000000,0.000000,0.000000,1.000000>,<-1.000000>,<Ves135MeshsParent>,<1>,<155071>
<46.326600,-156.369262,95.769783>,<0.738965,-0.654474,-0.159985,0.000000,-0.151860,-0.393142,0.906851,0.000000,-0.656407,-0.645835,-0.389906,0.000000,0.000000,0.000000,0.000000,1.000000>,<-1.000000>,<Ves135MeshsParent>,<1>,<154975>
<-42.153467,179.912348,21.917721>,<0.321523,0.893342,0.313948,0.000000,0.367872,0.187663,-0.910743,0.000000,-0.872521,0.408318,-0.268297,0.000000,0.000000,0.000000,0.000000,1.000000>,<-1.000000>,<Ves135MeshsParent>,<1>,<154366>
<147.049238,43.660684,-116.041257>,<-0.263958,-0.262045,-0.928256,0.000000,0.439103,-0.889522,0.126248,0.000000,-0.858787,-0.374276,0.349861,0.000000,0.000000,0.000000,0.000000,1.000000>,<-1.000000>,<Ves135MeshsParent>,<1>,<154632>
<-0.375826,2.830918,203.303852>,<0.549607,-0.835394,0.007041,0.000000,-0.831759,-0.546389,0.098165,0.000000,-0.078159,-0.059809,-0.995145,0.000000,0.000000,0.000000,0.000000,1.000000>,<-1.000000>,<Ves135MeshsParent>,<1>,<154507>
<19.343956,-117.549727,-196.506384>,<-0.445914,-0.893562,-0.052024,0.000000,0.690149,-0.380252,0.615713,0.000000,-0.569960,0.238651,0.786251,0.000000,0.000000,0.000000,0.000000,1.000000>,<-1.000000>,<Ves135MeshsParent>,<1>,<155105>
<8.498662,-169.948022,-121.785766>,<0.999972,0.004127,-0.006278,0.000000,0.004854,0.282930,0.959128,0.000000,0.005735,-0.959132,0.282902,0.000000,0.000000,0.000000,0.000000,1.000000>,<-1.000000>,<Ves135MeshsParent>,<1>,<155085>
<176.187806,-74.201817,-83.331906>,<0.361071,0.475540,-0.802178,0.000000,-0.540721,0.807603,0.235370,0.000000,0.759769,0.348769,0.548736,0.000000,0.000000,0.000000,0.000000,1.000000>,<-1.000000>,<Ves135MeshsParent>,<1>,<155038>
<126.886318,-130.690503,54.923856>,<-0.896896,0.005227,-0.442210,0.000000,-0.403026,0.401993,0.822175,0.000000,0.182063,0.915628,-0.358439,0.000000,0.000000,0.000000,0.000000,1.000000>,<-1.000000>,<Ves135MeshsParent>,<1>,<154971>
<-181.623293,-101.212492,-21.870044>,<0.549514,-0.002685,0.835480,0.000000,-0.818988,0.196002,0.539297,0.000000,-0.165204,-0.980600,0.105507,0.000000,0.000000,0.000000,0.000000,1.000000>,<-1.000000>,<Ves135MeshsParent>,<1>,<155167>
<-115.876348,27.990111,-168.434068>,<0.541686,0.579587,0.608815,0.000000,-0.675255,0.731380,-0.095468,0.000000,-0.500607,-0.359392,0.787547,0.000000,0.000000,0.000000,0.000000,1.000000>,<-1.000000>,<Ves135MeshsParent>,<1>,<154757>
<-68.460056,-113.361311,139.171386>,<0.635621,-0.741078,0.216307,0.000000,-0.611793,-0.312651,0.726607,0.000000,-0.470844,-0.594182,-0.652115,0.000000,0.000000,0.000000,0.000000,1.000000>,<-1.000000>,<Ves135MeshsParent>,<1>,<154854>
<-16.355518,-100.943956,162.909997>,<0.698838,0.703059,0.131656,0.000000,0.423621,-0.555121,0.715811,0.000000,0.576343,-0.444464,-0.685770,0.000000,0.000000,0.000000,0.000000,1.000000>,<-1.000000>,<Ves135MeshsParent>,<1>,<154906>
<122.424072,126.243214,10.147441>,<0.459995,-0.142675,-0.876384,0.000000,-0.887904,-0.080154,-0.452993,0.000000,-0.005615,0.986519,-0.163552,0.000000,0.000000,0.000000,0.000000,1.000000>,<-1.000000>,<Ves135MeshsParent>,<1>,<154594>
<-81.454444,-170.061001,26.112623>,<0.899916,-0.025186,0.435334,0.000000,-0.435396,0.003254,0.900233,0.000000,-0.024090,-0.999677,-0.008038,0.000000,0.000000,0.000000,0.000000,1.000000>,<-1.000000>,<Ves135MeshsParent>,<1>,<154792>
<97.052343,148.763635,10.515885>,<-0.281808,0.511385,-0.811831,0.000000,0.738243,-0.424881,-0.523903,0.000000,-0.612847,-0.746968,-0.257791,0.000000,0.000000,0.000000,0.000000,1.000000>,<-1.000000>,<Ves135MeshsParent>,<1>,<154586>
<103.760559,-120.868205,112.191050>,<-0.130244,0.929603,-0.344782,0.000000,0.252951,0.367391,0.895008,0.000000,0.958672,0.029356,-0.282994,0.000000,0.000000,0.000000,0.000000,1.000000>,<-1.000000>,<Ves135MeshsParent>,<1>,<154957>
<-173.429518,69.725107,37.292538>,<0.378440,0.490019,0.785280,0.000000,0.229305,0.772302,-0.592426,0.000000,-0.896773,0.404267,0.179906,0.000000,0.000000,0.000000,0.000000,1.000000>,<-1.000000>,<Ves135MeshsParent>,<1>,<155248>
<-78.527962,82.953984,169.062371>,<0.458901,-0.807019,0.371658,0.000000,-0.699944,-0.586021,-0.408238,0.000000,0.547255,-0.072799,-0.833794,0.000000,0.000000,0.000000,0.000000,1.000000>,<-1.000000>,<Ves135MeshsParent>,<1>,<154417>
<137.783631,107.474355,-66.576852>,<-0.325895,0.277305,-0.903822,0.000000,0.398025,-0.826915,-0.397226,0.000000,-0.857537,-0.489197,0.159113,0.000000,0.000000,0.000000,0.000000,1.000000>,<-1.000000>,<Ves135MeshsParent>,<1>,<154619>
<-158.664133,85.973087,-33.236157>,<0.268249,-0.471375,0.840147,0.000000,0.582004,-0.615663,-0.531253,0.000000,0.767668,0.631477,0.109191,0.000000,0.000000,0.000000,0.000000,1.000000>,<-1.000000>,<Ves135MeshsParent>,<1>,<154759>
<-127.453330,128.128162,-58.256853>,<-0.058272,-0.454805,0.888683,0.000000,0.065545,-0.890018,-0.451190,0.000000,0.996147,0.031957,0.081673,0.000000,0.000000,0.000000,0.000000,1.000000>,<-1.000000>,<Ves135MeshsParent>,<1>,<154737>
<149.256906,45.246131,119.735869>,<-0.597195,0.229205,-0.768650,0.000000,0.647778,0.702952,-0.293671,0.000000,0.473013,-0.673293,-0.568273,0.000000,0.000000,0.000000,0.000000,1.000000>,<-1.000000>,<Ves135MeshsParent>,<1>,<154563>
<100.539238,169.697844,-64.562916>,<-0.763080,0.243327,-0.598749,0.000000,0.444062,-0.475728,-0.759270,0.000000,-0.469593,-0.845266,0.254967,0.000000,0.000000,0.000000,0.000000,1.000000>,<-1.000000>,<Ves135MeshsParent>,<1>,<154607>
<-15.157494,128.826119,141.638739>,<-0.426122,-0.901025,0.081082,0.000000,-0.715706,0.280940,-0.639404,0.000000,0.553340,-0.330495,-0.764583,0.000000,0.000000,0.000000,0.000000,1.000000>,<-1.000000>,<Ves135MeshsParent>,<1>,<154462>
<-48.309458,148.511730,126.342661>,<-0.277392,0.943222,0.182721,0.000000,0.501614,0.304388,-0.809772,0.000000,-0.819413,-0.132969,-0.557568,0.000000,0.000000,0.000000,0.000000,1.000000>,<-1.000000>,<Ves135MeshsParent>,<1>,<154406>
<-102.393093,161.914967,-39.414826>,<0.375428,0.540585,0.752876,0.000000,0.476680,0.584017,-0.657040,0.000000,-0.794877,0.605552,-0.038429,0.000000,0.000000,0.000000,0.000000,1.000000>,<-1.000000>,<Ves135MeshsParent>,<1>,<154362>
<176.849207,11.921177,14.532412>,<-0.262377,0.116331,-0.957928,0.000000,0.664235,0.741860,-0.091843,0.000000,0.699964,-0.660387,-0.271918,0.000000,0.000000,0.000000,0.000000,1.000000>,<-1.000000>,<Ves135MeshsParent>,<1>,<155268>
<-55.180814,-165.170995,79.162698>,<0.402699,0.901803,0.156797,0.000000,0.354001,-0.311412,0.881876,0.000000,0.844107,-0.299625,-0.444644,0.000000,0.000000,0.000000,0.000000,1.000000>,<-1.000000>,<Ves135MeshsParent>,<1>,<154776>
<116.947059,-30.084312,171.977871>,<-0.763637,0.177418,-0.620791,0.000000,0.033023,0.970978,0.236878,0.000000,0.644801,0.160388,-0.747333,0.000000,0.000000,0.000000,0.000000,1.000000>,<-1.000000>,<Ves135MeshsParent>,<1>,<154934>
<115.123976,52.990503,-171.311834>,<0.057431,0.709470,-0.702392,0.000000,-0.997480,0.070127,-0.010725,0.000000,0.041648,0.701238,0.711710,0.000000,0.000000,0.000000,0.000000,1.000000>,<-1.000000>,<Ves135MeshsParent>,<1>,<154654>
<-83.752361,-129.490780,-162.260058>,<0.268664,-0.858872,0.436071,0.000000,0.502833,0.511189,0.697026,0.000000,-0.821571,0.032005,0.569207,0.000000,0.000000,0.000000,0.000000,1.000000>,<-1.000000>,<Ves187MeshsParent>,<1>,<155151>
<-75.923905,-1.931363,-199.593435>,<0.760671,0.378005,0.527723,0.000000,-0.453347,0.891206,0.015097,0.000000,-0.464604,-0.250725,0.849282,0.000000,0.000000,0.000000,0.000000,1.000000>,<-1.000000>,<Ves187MeshsParent>,<1>,<154702>
<17.989209,-163.563330,76.436932>,<0.689493,-0.720133,-0.077514,0.000000,-0.241930,-0.329857,0.912504,0.000000,-0.682693,-0.610412,-0.401656,0.000000,0.000000,0.000000,0.000000,1.000000>,<-1.000000>,<Ves187MeshsParent>,<1>,<155031>
<41.790718,159.596730,83.579518>,<-0.967937,-0.042822,-0.247514,0.000000,0.205979,0.428666,-0.879669,0.000000,0.143770,-0.902448,-0.406101,0.000000,0.000000,0.000000,0.000000,1.000000>,<-1.000000>,<Ves187MeshsParent>,<1>,<154513>
<-83.084546,165.689383,-79.428633>,<0.761419,-0.253775,0.596523,0.000000,0.612074,-0.021707,-0.790503,0.000000,0.213558,0.967020,0.138801,0.000000,0.000000,0.000000,0.000000,1.000000>,<-1.000000>,<Ves187MeshsParent>,<1>,<154350>
<-104.571786,-18.146190,-180.117353>,<0.825761,0.159987,0.540853,0.000000,-0.251501,0.962760,0.099195,0.000000,-0.504842,-0.217937,0.835247,0.000000,0.000000,0.000000,0.000000,1.000000>,<-1.000000>,<Ves187MeshsParent>,<1>,<155122>
<60.030640,-180.800230,-62.619355>,<0.261064,-0.956460,-0.130501,0.000000,0.205762,-0.076947,0.975572,0.000000,-0.943137,-0.281539,0.176715,0.000000,0.000000,0.000000,0.000000,1.000000>,<-1.000000>,<Ves187MeshsParent>,<1>,<155009>
<-136.073064,115.230603,42.233609>,<-0.258182,-0.751958,0.606549,0.000000,-0.060506,-0.614017,-0.786970,0.000000,0.964200,-0.239881,0.113030,0.000000,0.000000,0.000000,0.000000,1.000000>,<-1.000000>,<Ves187MeshsParent>,<1>,<154437>
<72.538318,66.809520,-202.039297>,<-0.936593,-0.288184,-0.199356,0.000000,0.343320,-0.868581,-0.357349,0.000000,-0.070175,-0.403133,0.912447,0.000000,0.000000,0.000000,0.000000,1.000000>,<-1.000000>,<Ves188MeshsParent>,<1>,<154673>
<-133.966974,-139.865876,-32.258966>,<0.756256,0.330433,0.564705,0.000000,-0.558369,-0.123925,0.820284,0.000000,0.341030,-0.935659,0.090785,0.000000,0.000000,0.000000,0.000000,1.000000>,<-1.000000>,<Ves188MeshsParent>,<1>,<154829>
<174.207037,-25.297830,-75.286591>,<0.528572,0.121914,-0.840089,0.000000,-0.214031,0.976801,0.007088,0.000000,0.821464,0.176058,0.542403,0.000000,0.000000,0.000000,0.000000,1.000000>,<-1.000000>,<Ves188MeshsParent>,<1>,<155326>
<-27.028590,187.157660,-83.840838>,<-0.959209,-0.228688,0.166193,0.000000,-0.124573,-0.185798,-0.974659,0.000000,0.253771,-0.955605,0.149731,0.000000,0.000000,0.000000,0.000000,1.000000>,<-1.000000>,<Ves188MeshsParent>,<1>,<154340>
<-53.621457,91.819379,-192.671037>,<-0.665123,-0.504586,0.550458,0.000000,0.358837,-0.862438,-0.356983,0.000000,0.654865,-0.039913,0.754691,0.000000,0.000000,0.000000,0.000000,1.000000>,<-1.000000>,<Ves188MeshsParent>,<1>,<154707>
<-199.097898,-81.926736,38.395903>,<-0.423819,0.205749,0.882069,0.000000,0.856003,-0.227308,0.464316,0.000000,0.296034,0.951840,-0.079784,0.000000,0.000000,0.000000,0.000000,1.000000>,<-1.000000>,<Ves188MeshsParent>,<1>,<155242>
<63.174113,-67.093343,191.233084>,<-0.354165,0.877599,-0.323089,0.000000,0.732147,0.475144,0.488056,0.000000,0.581832,-0.063696,-0.810811,0.000000,0.000000,0.000000,0.000000,1.000000>,<-1.000000>,<Ves188MeshsParent>,<1>,<154917>
<-131.640018,-131.594519,-12.531002>,<-0.511058,-0.587877,0.627072,0.000000,0.430763,0.456144,0.778701,0.000000,-0.743816,0.668081,0.020120,0.000000,0.000000,0.000000,0.000000,1.000000>,<-1.000000>,<Ves188MeshsParent>,<1>,<154819>
<-202.741964,-0.061278,93.044978>,<-0.176795,-0.119660,0.976947,0.000000,-0.978472,-0.086005,-0.187605,0.000000,0.106471,-0.989083,-0.101879,0.000000,0.000000,0.000000,0.000000,1.000000>,<-1.000000>,<Ves199MeshsParent>,<1>,<155233>
<187.320152,-47.523107,-1.212915>,<0.216259,0.021697,-0.976095,0.000000,0.894360,-0.405398,0.189138,0.000000,-0.391603,-0.913883,-0.107076,0.000000,0.000000,0.000000,0.000000,1.000000>,<-1.000000>,<Ves199MeshsParent>,<1>,<155278>
<-51.034017,167.277187,-106.598776>,<-0.235691,0.925316,0.297053,0.000000,-0.504285,0.144844,-0.851303,0.000000,-0.830751,-0.350444,0.432484,0.000000,0.000000,0.000000,0.000000,1.000000>,<-1.000000>,<Ves199MeshsParent>,<1>,<154723>
<79.156103,157.378136,26.387975>,<0.033141,-0.802529,-0.595691,0.000000,-0.347406,0.549604,-0.759767,0.000000,0.937129,0.232126,-0.260589,0.000000,0.000000,0.000000,0.000000,1.000000>,<-1.000000>,<Ves199MeshsParent>,<1>,<154580>
<-162.658132,8.847081,158.987428>,<0.598640,-0.277656,0.751357,0.000000,-0.126650,-0.959012,-0.253486,0.000000,0.790942,0.056588,-0.609268,0.000000,0.000000,0.000000,0.000000,1.000000>,<-1.000000>,<Ves252MeshsParent>,<1>,<155223>
<170.739535,52.892850,12.585708>,<-0.248663,0.137347,-0.958803,0.000000,0.858500,-0.427103,-0.283832,0.000000,-0.448491,-0.893711,-0.011707,0.000000,0.000000,0.000000,0.000000,1.000000>,<-1.000000>,<Ves252MeshsParent>,<1>,<155261>
<-97.839741,115.512333,137.289022>,<-0.737614,0.444162,0.508573,0.000000,-0.027282,0.732973,-0.679711,0.000000,-0.674671,-0.515239,-0.528533,0.000000,0.000000,0.000000,0.000000,1.000000>,<-1.000000>,<Ves252MeshsParent>,<1>,<154419>
<-79.301578,166.121314,28.324812>,<0.474220,-0.646239,0.597905,0.000000,0.348433,-0.485915,-0.801549,0.000000,0.808524,0.588440,-0.005260,0.000000,0.000000,0.000000,0.000000,1.000000>,<-1.000000>,<Ves252MeshsParent>,<1>,<154376>
<-42.162875,191.911482,-49.985088>,<-0.899910,-0.294200,0.321881,0.000000,-0.283327,-0.166645,-0.944434,0.000000,0.331493,-0.941103,0.066611,0.000000,0.000000,0.000000,0.000000,1.000000>,<-1.000000>,<Ves252MeshsParent>,<1>,<154348>
<58.899534,-90.107156,-195.140550>,<-0.618217,0.745294,-0.249687,0.000000,-0.719200,-0.408212,0.562241,0.000000,0.317110,0.527162,0.788379,0.000000,0.000000,0.000000,0.000000,1.000000>,<-1.000000>,<Ves252MeshsParent>,<1>,<155095>
<140.043885,78.717950,-90.015503>,<-0.185876,-0.205747,-0.960790,0.000000,0.827197,-0.560486,-0.040006,0.000000,-0.530278,-0.802199,0.274374,0.000000,0.000000,0.000000,0.000000,1.000000>,<-1.000000>,<Ves252MeshsParent>,<1>,<154625>
<13.173969,24.409704,-227.590142>,<-0.090356,0.992838,0.078157,0.000000,-0.975625,-0.072484,-0.207129,0.000000,-0.199981,-0.094968,0.975187,0.000000,0.000000,0.000000,0.000000,1.000000>,<-1.000000>,<Ves252MeshsParent>,<1>,<154680>
<-192.525776,42.101505,62.512077>,<-0.194333,0.525187,0.828500,0.000000,-0.330823,0.760031,-0.559382,0.000000,-0.923467,-0.382794,0.026045,0.000000,0.000000,0.000000,0.000000,1.000000>,<-1.000000>,<Ves252MeshsParent>,<1>,<155240>
<68.321885,148.157772,-150.192318>,<0.167764,0.960646,-0.221390,0.000000,-0.781041,-0.007508,-0.624435,0.000000,-0.601523,0.277672,0.749045,0.000000,0.000000,0.000000,0.000000,1.000000>,<-1.000000>,<Ves252MeshsParent>,<1>,<154650>
<159.814127,-39.382715,-98.219437>,<-0.758097,-0.133589,-0.638312,0.000000,0.052783,-0.988152,0.144118,0.000000,-0.650002,0.075564,0.756167,0.000000,0.000000,0.000000,0.000000,1.000000>,<-1.000000>,<Ves252MeshsParent>,<1>,<155333>
<41.033150,162.387115,62.070442>,<-0.821111,-0.545387,-0.168311,0.000000,-0.075173,0.395652,-0.915319,0.000000,0.565796,-0.738926,-0.365872,0.000000,0.000000,0.000000,0.000000,1.000000>,<-1.000000>,<Ves252MeshsParent>,<1>,<154569>
<-185.650339,50.831605,-0.638619>,<0.488553,-0.271100,0.829350,0.000000,0.831155,-0.144644,-0.536898,0.000000,0.265513,0.951621,0.154659,0.000000,0.000000,0.000000,0.000000,1.000000>,<-1.000000>,<Ves252MeshsParent>,<1>,<155203>
<-93.464595,-148.845980,84.643661>,<0.839142,0.380384,0.388778,0.000000,-0.202957,-0.444174,0.872650,0.000000,0.504627,-0.811183,-0.295524,0.000000,0.000000,0.000000,0.000000,1.000000>,<-1.000000>,<Ves262MeshsParent>,<1>,<154881>
<188.198340,-82.143427,-24.746104>,<-0.099431,0.501217,-0.859590,0.000000,0.071905,0.865232,0.496189,0.000000,0.992443,-0.012472,-0.122071,0.000000,0.000000,0.000000,0.000000,1.000000>,<-1.000000>,<Ves262MeshsParent>,<1>,<155337>
<147.657674,-91.245811,67.611936>,<-0.260807,-0.729787,-0.631974,0.000000,-0.650146,-0.351146,0.673800,0.000000,-0.713645,0.586607,-0.382887,0.000000,0.000000,0.000000,0.000000,1.000000>,<-1.000000>,<Ves262MeshsParent>,<1>,<154954>
<-51.966835,121.522441,159.638573>,<-0.671327,0.726603,0.146177,0.000000,0.467605,0.568247,-0.677082,0.000000,-0.575035,-0.386191,-0.721243,0.000000,0.000000,0.000000,0.000000,1.000000>,<-1.000000>,<Ves264MeshsParent>,<1>,<154408>
<51.697828,-2.957480,-224.451528>,<-0.134723,0.938958,-0.316557,0.000000,-0.989950,-0.113681,0.084116,0.000000,0.042995,0.324707,0.944837,0.000000,0.000000,0.000000,0.000000,1.000000>,<80.000000>,<Ves8MeshsParent>,<1>,<154672>
<-144.301071,34.723507,-140.118580>,<-0.042623,0.617058,0.785762,0.000000,-0.898995,0.319434,-0.299617,0.000000,-0.435880,-0.719167,0.541117,0.000000,0.000000,0.000000,0.000000,1.000000>,<80.000000>,<Ves8MeshsParent>,<1>,<154764>
<179.762785,-104.546317,-19.736068>,<0.565548,-0.100238,-0.818601,0.000000,0.756012,-0.333612,0.563159,0.000000,-0.329545,-0.937366,-0.112893,0.000000,0.000000,0.000000,0.000000,1.000000>,<80.000000>,<Ves8MeshsParent>,<1>,<155032>
<-108.301189,-22.843127,184.373078>,<-0.571111,-0.789934,0.223242,0.000000,-0.740228,0.613144,0.275893,0.000000,-0.354817,-0.007685,-0.934904,0.000000,0.000000,0.000000,0.000000,1.000000>,<80.000000>,<Ves8MeshsParent>,<1>,<154833>
<-68.081981,-137.409444,110.913667>,<0.703219,0.668215,0.242844,0.000000,0.241491,-0.545750,0.802396,0.000000,0.668704,-0.505615,-0.545149,0.000000,0.000000,0.000000,0.000000,1.000000>,<48.000000>,<Ves22MeshsParent>,<1>,<154870>
<30.709582,-53.918533,-222.467816>,<-0.902851,0.429867,-0.008656,0.000000,-0.413842,-0.863381,0.288630,0.000000,0.116599,0.264172,0.957402,0.000000,0.000000,0.000000,0.000000,1.000000>,<48.000000>,<Ves22MeshsParent>,<1>,<155093>
<102.575422,165.141404,-92.811241>,<0.090071,-0.760999,-0.642470,0.000000,0.452956,0.605815,-0.654079,0.000000,0.886971,-0.232097,0.399266,0.000000,0.000000,0.000000,0.000000,1.000000>,<48.000000>,<Ves22MeshsParent>,<1>,<154627>
<156.009552,12.253021,-95.007649>,<-0.145546,0.499217,-0.854166,0.000000,-0.898724,-0.427691,-0.096825,0.000000,-0.413655,0.753567,0.510907,0.000000,0.000000,0.000000,0.000000,1.000000>,<48.000000>,<Ves22MeshsParent>,<1>,<155318>
<-33.613447,169.004370,64.417311>,<0.938024,-0.259771,0.229415,0.000000,0.131392,-0.345985,-0.928995,0.000000,0.320699,0.901562,-0.290410,0.000000,0.000000,0.000000,0.000000,1.000000>,<48.000000>,<Ves22MeshsParent>,<1>,<154383>
<161.556713,70.275832,17.921094>,<0.461494,0.187102,-0.867189,0.000000,-0.840848,-0.219396,-0.494813,0.000000,-0.282839,0.957527,0.056075,0.000000,0.000000,0.000000,0.000000,1.000000>,<48.000000>,<Ves22MeshsParent>,<1>,<155259>
<-47.675347,-113.842284,-191.273816>,<-0.329793,0.854976,0.400315,0.000000,-0.554651,-0.518614,0.650694,0.000000,0.763937,-0.007441,0.645248,0.000000,0.000000,0.000000,0.000000,1.000000>,<48.000000>,<Ves22MeshsParent>,<1>,<155118>
<45.014308,-115.104893,152.236342>,<0.639127,-0.768979,-0.013742,0.000000,-0.416529,-0.361102,0.834332,0.000000,-0.646545,-0.527520,-0.551091,0.000000,0.000000,0.000000,0.000000,1.000000>,<48.000000>,<Ves22MeshsParent>,<1>,<154928>
<106.840293,116.946230,-150.002559>,<-0.071474,-0.752625,-0.654559,0.000000,0.863663,0.281588,-0.418084,0.000000,0.498977,-0.595200,0.629888,0.000000,0.000000,0.000000,0.000000,1.000000>,<48.000000>,<Ves22MeshsParent>,<1>,<154643>
<21.092296,192.296887,-89.875905>,<-0.233754,-0.961861,-0.142066,0.000000,0.300476,0.067498,-0.951398,0.000000,0.924702,-0.265081,0.273238,0.000000,0.000000,0.000000,0.000000,1.000000>,<48.000000>,<Ves22MeshsParent>,<1>,<154595>
<-103.180668,74.457624,-167.304516>,<0.235737,-0.826811,0.510698,0.000000,0.964019,0.132516,-0.230449,0.000000,0.122862,0.546648,0.828300,0.000000,0.000000,0.000000,0.000000,1.000000>,<48.000000>,<Ves22MeshsParent>,<1>,<154742>
<93.953245,-112.937229,138.121566>,<-0.593876,0.700976,-0.394897,0.000000,0.101303,0.552069,0.827621,0.000000,0.798153,0.451501,-0.398872,0.000000,0.000000,0.000000,0.000000,1.000000>,<48.000000>,<Ves22MeshsParent>,<1>,<154951>
<-36.181571,168.176111,-116.541600>,<-0.860134,-0.427198,0.278696,0.000000,-0.037491,-0.491962,-0.869809,0.000000,0.508688,-0.758601,0.407137,0.000000,0.000000,0.000000,0.000000,1.000000>,<48.000000>,<Ves22MeshsParent>,<1>,<154722>
<-160.097615,40.798578,159.688270>,<0.250674,0.612301,0.749834,0.000000,0.878753,0.181042,-0.441608,0.000000,-0.406148,0.769618,-0.492678,0.000000,0.000000,0.000000,0.000000,1.000000>,<50.000000>,<Ves32MeshsParent>,<1>,<154450>
<115.668064,135.375652,-128.363562>,<0.711059,-0.204105,-0.672857,0.000000,-0.184287,0.869391,-0.458472,0.000000,0.678552,0.450000,0.580575,0.000000,0.000000,0.000000,0.000000,1.000000>,<50.000000>,<Ves32MeshsParent>,<1>,<154635>
<137.958362,5.888506,-128.619095>,<0.368018,-0.354348,-0.859651,0.000000,0.831175,0.539788,0.133327,0.000000,0.416786,-0.763588,0.493177,0.000000,0.000000,0.000000,0.000000,1.000000>,<50.000000>,<Ves32MeshsParent>,<1>,<155323>
<100.487225,-166.003160,-15.804878>,<0.857456,-0.377458,-0.349706,0.000000,0.215358,-0.353984,0.910119,0.000000,-0.467322,-0.855699,-0.222237,0.000000,0.000000,0.000000,0.000000,1.000000>,<50.000000>,<Ves32MeshsParent>,<1>,<154999>
<-111.400602,57.123102,169.003263>,<-0.686232,-0.475601,0.550353,0.000000,-0.652920,0.736243,-0.177879,0.000000,-0.320594,-0.481403,-0.815763,0.000000,0.000000,0.000000,0.000000,1.000000>,<50.000000>,<Ves32MeshsParent>,<1>,<154431>
<-13.403843,-172.499848,-128.158370>,<-0.724502,0.688230,-0.037892,0.000000,-0.321624,-0.288930,0.901708,0.000000,0.609635,0.665477,0.430681,0.000000,0.000000,0.000000,0.000000,1.000000>,<50.000000>,<Ves32MeshsParent>,<1>,<155130>
<-55.895706,164.034556,61.080830>,<-0.736160,-0.597940,0.317075,0.000000,-0.381923,-0.019760,-0.923983,0.000000,0.558751,-0.801297,-0.213821,0.000000,0.000000,0.000000,0.000000,1.000000>,<50.000000>,<Ves32MeshsParent>,<1>,<154384>
<12.488478,-68.957611,193.008490>,<0.782213,0.622709,0.019406,0.000000,0.504379,-0.651242,0.566997,0.000000,0.365712,-0.433725,-0.823491,0.000000,0.000000,0.000000,0.000000,1.000000>,<50.000000>,<Ves32MeshsParent>,<1>,<154904>
<-182.285903,-105.095356,16.718546>,<0.178662,-0.534992,0.825750,0.000000,-0.142390,0.816359,0.559716,0.000000,-0.973553,-0.217579,0.069675,0.000000,0.000000,0.000000,0.000000,1.000000>,<50.000000>,<Ves32MeshsParent>,<1>,<154886>
<123.293691,121.109963,-102.850872>,<-0.481654,0.343270,-0.806334,0.000000,-0.036861,-0.927215,-0.372712,0.000000,-0.875586,-0.149796,0.459250,0.000000,0.000000,0.000000,0.000000,1.000000>,<50.000000>,<Ves32MeshsParent>,<1>,<154629>
<115.161061,59.915414,144.633990>,<0.548599,0.439625,-0.711174,0.000000,0.313597,-0.896696,-0.312401,0.000000,-0.775046,-0.051639,-0.629792,0.000000,0.000000,0.000000,0.000000,1.000000>,<50.000000>,<Ves32MeshsParent>,<1>,<154546>
<-77.130730,-170.476305,-45.415357>,<-0.883858,0.408499,0.227868,0.000000,0.172386,-0.168391,0.970530,0.000000,0.434831,0.897092,0.078414,0.000000,0.000000,0.000000,0.000000,1.000000>,<50.000000>,<Ves32MeshsParent>,<1>,<154816>
<188.629945,-20.457767,-0.049489>,<-0.168596,-0.040757,-0.984842,0.000000,-0.414879,0.909264,0.033394,0.000000,0.894120,0.414220,-0.170207,0.000000,0.000000,0.000000,0.000000,1.000000>,<50.000000>,<Ves32MeshsParent>,<1>,<155272>
<17.918158,-187.445555,-60.967598>,<-0.223333,0.965888,-0.131084,0.000000,-0.010960,0.131984,0.991191,0.000000,0.974681,0.222802,-0.018890,0.000000,0.000000,0.000000,0.000000,1.000000>,<50.000000>,<Ves32MeshsParent>,<1>,<155025>
<105.082418,-147.243345,47.611155>,<0.883547,0.141179,-0.446558,0.000000,0.467899,-0.224568,0.854775,0.000000,0.020394,-0.964177,-0.264473,0.000000,0.000000,0.000000,0.000000,1.000000>,<50.000000>,<Ves32MeshsParent>,<1>,<154981>
<0.600443,-186.200542,0.723482>,<-0.430176,-0.884517,-0.180494,0.000000,-0.119109,-0.142579,0.982591,0.000000,-0.894853,0.444185,-0.044020,0.000000,0.000000,0.000000,0.000000,1.000000>,<50.000000>,<Ves32MeshsParent>,<1>,<154782>
<-197.997668,12.792697,118.349367>,<0.142568,0.199324,0.969507,0.000000,0.968261,0.175075,-0.178379,0.000000,-0.205291,0.964168,-0.168037,0.000000,0.000000,0.000000,0.000000,1.000000>,<50.000000>,<Ves32MeshsParent>,<1>,<155229>
<115.009261,-101.918198,124.357756>,<0.126193,0.802483,-0.583178,0.000000,0.526218,0.444199,0.725108,0.000000,0.840934,-0.398382,-0.366227,0.000000,0.000000,0.000000,0.000000,1.000000>,<50.000000>,<Ves32MeshsParent>,<1>,<154950>
<34.371811,-165.579840,43.557681>,<-0.529812,-0.841017,-0.109498,0.000000,-0.245996,0.028828,0.968842,0.000000,-0.811656,0.540240,-0.222161,0.000000,0.000000,0.000000,0.000000,1.000000>,<50.000000>,<Ves32MeshsParent>,<1>,<155021>
<45.543237,-22.304763,198.465198>,<0.886777,0.420924,-0.190918,0.000000,0.456948,-0.860498,0.225259,0.000000,-0.069468,-0.286994,-0.955410,0.000000,0.000000,0.000000,0.000000,1.000000>,<65.000000>,<Ves50MeshsParent>,<1>,<154902>
<52.386613,-42.579478,196.792218>,<-0.132852,-0.916547,-0.377215,0.000000,-0.935292,-0.010014,0.353736,0.000000,-0.327993,0.399800,-0.855909,0.000000,0.000000,0.000000,0.000000,1.000000>,<65.000000>,<Ves50MeshsParent>,<1>,<154909>
<23.155176,-46.606352,206.626891>,<0.981118,0.162825,-0.104383,0.000000,0.189412,-0.918069,0.348242,0.000000,-0.039128,-0.361438,-0.931575,0.000000,0.000000,0.000000,0.000000,1.000000>,<65.000000>,<Ves50MeshsParent>,<1>,<154903>
<116.468427,13.707386,-163.424276>,<-0.267812,-0.600451,-0.753482,0.000000,0.926180,-0.375915,-0.029627,0.000000,-0.265456,-0.705795,0.656800,0.000000,0.000000,0.000000,0.000000,1.000000>,<180.000000>,<Ves64MeshsParent>,<1>,<154656>
<77.092632,176.739488,-51.167171>,<0.522635,0.533007,-0.665399,0.000000,-0.525306,-0.413397,-0.743745,0.000000,-0.671495,0.738245,0.063936,0.000000,0.000000,0.000000,0.000000,1.000000>,<180.000000>,<Ves64MeshsParent>,<1>,<154598>
<141.430554,-66.710460,-108.069015>,<-0.277161,-0.736129,-0.617491,0.000000,0.728943,-0.579786,0.363992,0.000000,-0.625958,-0.349231,0.697291,0.000000,0.000000,0.000000,0.000000,1.000000>,<180.000000>,<Ves64MeshsParent>,<1>,<155048>
<155.119851,45.389835,-74.329373>,<-0.545863,-0.145141,-0.825207,0.000000,0.558556,-0.797151,-0.229271,0.000000,-0.624538,-0.586075,0.516205,0.000000,0.000000,0.000000,0.000000,1.000000>,<180.000000>,<Ves64MeshsParent>,<1>,<155308>
<150.859280,-87.216632,-99.857835>,<-0.625629,0.015523,-0.779966,0.000000,-0.523881,-0.749183,0.405306,0.000000,-0.578046,0.662181,0.476843,0.000000,0.000000,0.000000,0.000000,1.000000>,<180.000000>,<Ves64MeshsParent>,<1>,<155043>
<-5.952606,-179.667642,-111.782558>,<-0.984503,-0.172626,0.030880,0.000000,0.090185,-0.347368,0.933382,0.000000,-0.150399,0.921703,0.357553,0.000000,0.000000,0.000000,0.000000,1.000000>,<180.000000>,<Ves64MeshsParent>,<1>,<154822>
<-101.355142,124.149352,114.306027>,<0.530671,-0.500147,0.684282,0.000000,0.150248,-0.739042,-0.656691,0.000000,0.834154,0.451299,-0.317042,0.000000,0.000000,0.000000,0.000000,1.000000>,<180.000000>,<Ves64MeshsParent>,<1>,<154420>
<100.500035,-38.339290,180.191870>,<0.688717,-0.655701,-0.309396,0.000000,-0.531951,-0.746946,0.398872,0.000000,-0.492643,-0.110126,-0.863235,0.000000,0.000000,0.000000,0.000000,1.000000>,<180.000000>,<Ves64MeshsParent>,<1>,<154924>
<177.407378,-86.629937,4.841505>,<-0.236097,0.531138,-0.813726,0.000000,0.006960,0.838303,0.545161,0.000000,0.971705,0.123047,-0.201618,0.000000,0.000000,0.000000,0.000000,1.000000>,<180.000000>,<Ves64MeshsParent>,<1>,<155293>
<60.480413,92.827079,-197.555665>,<0.711237,-0.690144,-0.133577,0.000000,0.592482,0.690804,-0.414433,0.000000,0.378294,0.215619,0.900224,0.000000,0.000000,0.000000,0.000000,1.000000>,<180.000000>,<Ves64MeshsParent>,<1>,<154677>
<41.199340,138.744846,117.094074>,<0.663399,-0.702035,-0.258936,0.000000,-0.602973,-0.296644,-0.740558,0.000000,0.443086,0.647417,-0.620101,0.000000,0.000000,0.000000,0.000000,1.000000>,<180.000000>,<Ves64MeshsParent>,<1>,<154517>
<-115.210924,136.331595,-96.031216>,<0.522887,-0.219235,0.823726,0.000000,0.851436,0.180330,-0.492481,0.000000,-0.040573,0.958862,0.280957,0.000000,0.000000,0.000000,0.000000,1.000000>,<180.000000>,<Ves64MeshsParent>,<1>,<154733>
<-153.662321,-39.211030,-143.447163>,<-0.230666,0.631391,0.740364,0.000000,-0.934830,-0.354911,0.011419,0.000000,0.269974,-0.689480,0.672109,0.000000,0.000000,0.000000,0.000000,1.000000>,<180.000000>,<Ves64MeshsParent>,<1>,<155134>
<-123.601392,73.121997,161.800192>,<0.657028,-0.502426,0.562034,0.000000,-0.335834,-0.862542,-0.378466,0.000000,0.674929,0.059913,-0.735446,0.000000,0.000000,0.000000,0.000000,1.000000>,<180.000000>,<Ves64MeshsParent>,<1>,<154432>
<-149.442467,102.139477,24.773106>,<-0.041483,-0.508288,0.860187,0.000000,0.286228,-0.830891,-0.477173,0.000000,0.957263,0.226415,0.179954,0.000000,0.000000,0.000000,0.000000,1.000000>,<180.000000>,<Ves64MeshsParent>,<1>,<154446>
<-23.426839,116.198945,154.775219>,<0.264789,0.954863,0.134619,0.000000,0.845433,-0.162727,-0.508687,0.000000,-0.463821,0.248507,-0.850362,0.000000,0.000000,0.000000,0.000000,1.000000>,<180.000000>,<Ves64MeshsParent>,<1>,<154466>
<39.716461,-114.517996,-182.432162>,<-0.526294,-0.822088,-0.217223,0.000000,0.477059,-0.496948,0.724885,0.000000,-0.703867,0.277875,0.653725,0.000000,0.000000,0.000000,0.000000,1.000000>,<180.000000>,<Ves64MeshsParent>,<1>,<155100>
<43.419951,120.069244,-187.545876>,<0.069482,-0.996590,-0.044493,0.000000,0.833229,0.082502,-0.546739,0.000000,0.548545,0.000916,0.836120,0.000000,0.000000,0.000000,0.000000,1.000000>,<180.000000>,<Ves64MeshsParent>,<1>,<154682>
<144.439565,71.534237,110.612747>,<-0.512393,-0.150696,-0.845426,0.000000,0.100244,0.967256,-0.233168,0.000000,0.852880,-0.204222,-0.480508,0.000000,0.000000,0.000000,0.000000,1.000000>,<180.000000>,<Ves64MeshsParent>,<1>,<154553>
<-36.135159,56.767873,185.189823>,<-0.020431,0.981802,0.188806,0.000000,0.963219,0.069939,-0.259455,0.000000,-0.267939,0.176561,-0.947119,0.000000,0.000000,0.000000,0.000000,1.000000>,<180.000000>,<Ves64MeshsParent>,<1>,<154483>
<104.265310,130.724448,57.879248>,<-0.701074,-0.205412,-0.682863,0.000000,0.538673,0.474925,-0.695901,0.000000,0.467255,-0.855717,-0.222308,0.000000,0.000000,0.000000,0.000000,1.000000>,<180.000000>,<Ves64MeshsParent>,<1>,<154528>
<-94.539739,156.250467,-84.893652>,<0.337196,0.610510,0.716642,0.000000,-0.035740,0.768976,-0.638278,0.000000,-0.940756,0.189612,0.281116,0.000000,0.000000,0.000000,0.000000,1.000000>,<120.000000>,<Ves80MeshsParent>,<1>,<154728>
<57.336435,129.508408,-169.386940>,<-0.872755,-0.460470,-0.162070,0.000000,0.454963,-0.646929,-0.611957,0.000000,0.176940,-0.607824,0.774107,0.000000,0.000000,0.000000,0.000000,1.000000>,<120.000000>,<Ves80MeshsParent>,<1>,<154660>
<-132.539562,-11.457432,182.866527>,<-0.285761,-0.805637,0.518930,0.000000,-0.925555,0.372378,0.068437,0.000000,-0.248373,-0.460742,-0.852073,0.000000,0.000000,0.000000,0.000000,1.000000>,<120.000000>,<Ves80MeshsParent>,<1>,<154834>
<-119.218234,102.895942,-132.091987>,<0.192804,0.602266,0.774663,0.000000,-0.507573,0.736861,-0.446548,0.000000,-0.839760,-0.307102,0.447764,0.000000,0.000000,0.000000,0.000000,1.000000>,<120.000000>,<Ves80MeshsParent>,<1>,<154740>
<-144.834338,-62.713066,148.377826>,<0.353992,0.783860,0.510149,0.000000,0.503747,-0.619389,0.602160,0.000000,0.787990,0.043826,-0.614126,0.000000,0.000000,0.000000,0.000000,1.000000>,<120.000000>,<Ves80MeshsParent>,<1>,<154845>
<129.275172,-87.664816,130.932325>,<0.559019,-0.518778,-0.646813,0.000000,0.119093,-0.721761,0.681819,0.000000,-0.820557,-0.458181,-0.341696,0.000000,0.000000,0.000000,0.000000,1.000000>,<120.000000>,<Ves80MeshsParent>,<1>,<154944>
<-24.871935,89.411805,-193.977120>,<-0.848794,0.356720,0.390257,0.000000,-0.492658,-0.801539,-0.338856,0.000000,0.191929,-0.479882,0.856082,0.000000,0.000000,0.000000,0.000000,1.000000>,<120.000000>,<Ves80MeshsParent>,<1>,<154698>
<144.943949,78.619345,87.903083>,<0.091520,-0.458896,-0.883764,0.000000,-0.808284,0.484138,-0.335093,0.000000,0.581637,0.745000,-0.326610,0.000000,0.000000,0.000000,0.000000,1.000000>,<120.000000>,<Ves80MeshsParent>,<1>,<154552>
<158.456494,-66.054187,67.567230>,<-0.493688,0.140016,-0.858294,0.000000,-0.320164,0.888370,0.329079,0.000000,0.808559,0.437257,-0.393750,0.000000,0.000000,0.000000,0.000000,1.000000>,<120.000000>,<Ves80MeshsParent>,<1>,<154947>
<167.694516,-46.641609,74.876371>,<-0.353347,-0.205855,-0.912562,0.000000,-0.928801,-0.039265,0.368493,0.000000,-0.111688,0.977795,-0.177324,0.000000,0.000000,0.000000,0.000000,1.000000>,<120.000000>,<Ves80MeshsParent>,<1>,<155297>
<-62.135230,-22.126100,201.265668>,<-0.814747,-0.502123,0.289930,0.000000,-0.421364,0.856248,0.298817,0.000000,-0.398295,0.121294,-0.909202,0.000000,0.000000,0.000000,0.000000,1.000000>,<65.000000>,<Ves99MeshsParent>,<1>,<154888>
