<0.000000,0.000000,0.000000>,<1.000000,0.000000,0.000000,0.000000,0.000000,1.000000,0.000000,0.000000,0.000000,0.000000,1.000000,0.000000,0.000000,0.000000,0.000000,1.000000>,<40.000000>,<Sphere>,<1>,<0>
<92.893698,-0.965615,8.621301>,<0.272990,0.961527,0.030687,0.000000,-0.078469,0.054048,-0.995450,0.000000,-0.958811,0.269340,0.090205,0.000000,0.000000,0.000000,0.000000,1.000000>,<4.010000>,<POP1>,<1>,<15367>
<-63.926138,13.493032,6.372988>,<-0.299496,0.938166,0.173630,0.000000,-0.046526,-0.196128,0.979474,0.000000,0.952963,0.285270,0.102388,0.000000,0.000000,0.000000,0.000000,1.000000>,<4.010000>,<POP3>,<1>,<11336>
<-153.041033,25.652482,-29.618090>,<-0.866870,-0.475888,0.148552,0.000000,0.159186,0.018154,0.987082,0.000000,-0.472437,0.879319,0.060017,0.000000,0.000000,0.000000,0.000000,1.000000>,<4.010000>,<POP2>,<1>,<9074>
<190.360910,-1.807835,49.602571>,<-0.862166,0.486826,0.140251,0.000000,-0.064885,0.168449,-0.983572,0.000000,-0.502454,-0.857103,-0.113643,0.000000,0.000000,0.000000,0.000000,1.000000>,<4.010000>,<POP1>,<1>,<17885>
<70.139085,-3.193557,-34.322934>,<-0.202066,-0.979009,-0.026659,0.000000,-0.249029,0.025035,0.968172,0.000000,-0.947182,0.202274,-0.248860,0.000000,0.000000,0.000000,0.000000,1.000000>,<4.010000>,<POP2>,<1>,<14733>
<-10.856800,3.149744,47.262402>,<-0.714061,-0.699294,0.033232,0.000000,0.034244,0.012524,0.999335,0.000000,-0.699246,0.714724,0.015004,0.000000,0.000000,0.000000,0.000000,1.000000>,<4.010000>,<POP3>,<1>,<12683>
<-175.026960,16.026582,45.655697>,<0.684069,0.709424,-0.169606,0.000000,0.153132,0.087666,0.984310,0.000000,0.713162,-0.699308,-0.048666,0.000000,0.000000,0.000000,0.000000,1.000000>,<4.010000>,<POP2>,<1>,<8551>
<-34.276735,-2.176773,-48.558798>,<0.731669,-0.641498,-0.230523,0.000000,-0.325579,-0.031763,-0.944981,0.000000,0.598881,0.766467,-0.232098,0.000000,0.000000,0.000000,0.000000,1.000000>,<4.010000>,<POP1>,<1>,<12073>
<94.728394,-2.346095,45.707172>,<0.299308,0.953906,0.021871,0.000000,0.052013,0.006576,-0.998625,0.000000,-0.952738,0.300034,-0.047647,0.000000,0.000000,0.000000,0.000000,1.000000>,<4.010000>,<POP1>,<1>,<15385>
<67.433168,-3.715371,-43.905432>,<0.852372,-0.522666,0.016791,0.000000,0.131123,0.182534,-0.974417,0.000000,0.506230,0.832767,0.224121,0.000000,0.000000,0.000000,0.000000,1.000000>,<4.010000>,<POP1>,<1>,<14677>
<177.784346,16.795748,-27.479522>,<-0.492715,-0.841079,0.223202,0.000000,-0.096040,-0.202370,-0.974588,0.000000,0.864875,-0.501630,0.018933,0.000000,0.000000,0.000000,0.000000,1.000000>,<4.010000>,<POP1>,<1>,<17490>
<-119.458473,19.722471,25.177899>,<0.884882,-0.440662,0.151001,0.000000,0.119952,-0.097671,-0.987963,0.000000,0.450107,0.892344,-0.033569,0.000000,0.000000,0.000000,0.000000,1.000000>,<4.010000>,<POP1>,<1>,<9969>
<112.587745,8.158436,-40.066419>,<-0.298131,0.947577,-0.114956,0.000000,0.314321,0.211174,0.925531,0.000000,0.901288,0.239797,-0.360801,0.000000,0.000000,0.000000,0.000000,1.000000>,<4.010000>,<POP3>,<1>,<15852>
<169.549170,10.166279,-4.243473>,<-0.874833,0.388980,0.288723,0.000000,-0.296415,0.041576,-0.954154,0.000000,-0.383151,-0.920307,0.078927,0.000000,0.000000,0.000000,0.000000,1.000000>,<4.010000>,<POP1>,<1>,<17298>
<90.378951,-0.058131,-5.607670>,<-0.004018,0.999603,-0.027878,0.000000,-0.206001,-0.028108,-0.978148,0.000000,-0.978543,0.001812,0.206032,0.000000,0.000000,0.000000,0.000000,1.000000>,<4.010000>,<POP1>,<1>,<15257>
<-53.671766,7.307041,-30.404964>,<-0.301630,-0.908183,0.290214,0.000000,0.288518,0.203173,0.935670,0.000000,-0.908722,0.365958,0.200744,0.000000,0.000000,0.000000,0.000000,1.000000>,<4.010000>,<POP2>,<1>,<11573>
<74.958636,-2.969111,16.611079>,<0.113653,-0.993495,-0.007178,0.000000,-0.153958,-0.024749,0.987767,0.000000,-0.981519,-0.111158,-0.155770,0.000000,0.000000,0.000000,0.000000,1.000000>,<4.010000>,<POP2>,<1>,<14912>
<176.152327,17.715288,-31.755574>,<-0.748060,0.529310,-0.400296,0.000000,-0.345029,0.205053,0.915919,0.000000,0.566887,0.823277,0.029235,0.000000,0.000000,0.000000,0.000000,1.000000>,<4.010000>,<POP2>,<1>,<17437>
<192.686083,7.906150,7.218775>,<-0.438947,-0.863136,-0.249645,0.000000,-0.100275,-0.229048,0.968236,0.000000,-0.892900,0.450037,0.013989,0.000000,0.000000,0.000000,0.000000,1.000000>,<4.010000>,<POP2>,<1>,<17864>
<52.817807,-4.616756,-6.066511>,<-0.972086,0.228588,-0.052887,0.000000,-0.064927,-0.045468,0.996854,0.000000,0.225464,0.972461,0.059041,0.000000,0.000000,0.000000,0.000000,1.000000>,<4.010000>,<POP2>,<1>,<14288>
<-163.828398,23.709409,7.477407>,<-0.766933,0.640879,0.032984,0.000000,0.082903,0.047979,0.995402,0.000000,0.636350,0.766141,-0.089927,0.000000,0.000000,0.000000,0.000000,1.000000>,<4.010000>,<POP2>,<1>,<8787>
<-196.516912,24.855107,-46.970549>,<0.040890,0.998575,-0.034279,0.000000,0.033070,0.032936,0.998910,0.000000,0.998616,-0.041979,-0.031676,0.000000,0.000000,0.000000,0.000000,1.000000>,<4.010000>,<POP2>,<1>,<7943>
<92.308754,-2.590835,45.345661>,<-0.046051,0.998620,-0.025265,0.000000,-0.071787,0.021918,0.997179,0.000000,0.996356,0.047735,0.070678,0.000000,0.000000,0.000000,0.000000,1.000000>,<4.010000>,<POP2>,<1>,<15334>
<-36.576203,8.369211,10.551807>,<-0.564718,0.822509,0.067615,0.000000,-0.107736,-0.154701,0.982070,0.000000,0.818221,0.547308,0.175976,0.000000,0.000000,0.000000,0.000000,1.000000>,<4.010000>,<POP2>,<1>,<12053>
<-68.267858,12.000689,-18.244987>,<-0.800703,0.597663,-0.040912,0.000000,0.117771,0.090085,-0.988946,0.000000,-0.587371,-0.796671,-0.142519,0.000000,0.000000,0.000000,0.000000,1.000000>,<4.010000>,<POP1>,<1>,<11222>
<134.197794,0.674045,31.015699>,<0.924025,0.353437,-0.145809,0.000000,0.157076,-0.003237,0.987581,0.000000,0.348575,-0.935453,-0.058507,0.000000,0.000000,0.000000,0.000000,1.000000>,<4.010000>,<POP3>,<1>,<16398>
<148.914086,12.844738,-24.741168>,<-0.309766,0.930317,0.196356,0.000000,-0.094991,0.175201,-0.979939,0.000000,-0.946056,-0.322204,0.034101,0.000000,0.000000,0.000000,0.000000,1.000000>,<4.010000>,<POP1>,<1>,<16778>
<178.458858,8.194962,6.266572>,<-0.328612,0.899065,0.289302,0.000000,-0.106621,0.269041,-0.957209,0.000000,-0.938427,-0.345396,0.007448,0.000000,0.000000,0.000000,0.000000,1.000000>,<4.010000>,<POP1>,<1>,<17507>
<105.625708,4.669752,-28.451884>,<-0.203366,0.962571,0.179162,0.000000,-0.274374,0.119628,-0.954153,0.000000,-0.939873,-0.243200,0.239777,0.000000,0.000000,0.000000,0.000000,1.000000>,<4.010000>,<POP1>,<1>,<15654>
<-143.385473,24.660457,-4.113259>,<-0.218243,-0.971258,-0.095019,0.000000,0.067309,-0.112115,0.991413,0.000000,-0.973571,0.209973,0.089842,0.000000,0.000000,0.000000,0.000000,1.000000>,<4.010000>,<POP3>,<1>,<9291>
<-167.612441,19.184191,35.119638>,<0.650716,-0.711617,-0.264898,0.000000,0.147435,-0.223812,0.963416,0.000000,-0.744870,-0.665965,-0.040721,0.000000,0.000000,0.000000,0.000000,1.000000>,<4.010000>,<POP3>,<1>,<8648>
<126.795980,2.785786,16.761267>,<-0.933524,-0.345904,-0.094250,0.000000,-0.180280,0.225680,0.957375,0.000000,-0.309890,0.910724,-0.273037,0.000000,0.000000,0.000000,0.000000,1.000000>,<4.010000>,<POP2>,<1>,<16237>
<-54.075173,10.607737,-8.083961>,<0.022206,-0.996940,-0.074944,0.000000,-0.218952,0.068293,-0.973343,0.000000,0.975483,0.038023,-0.216766,0.000000,0.000000,0.000000,0.000000,1.000000>,<4.010000>,<POP1>,<1>,<11584>
<115.803201,5.082898,-10.580779>,<-0.822442,0.534012,-0.196012,0.000000,-0.012812,0.327100,0.944903,0.000000,0.568705,0.779639,-0.262179,0.000000,0.000000,0.000000,0.000000,1.000000>,<4.010000>,<POP3>,<1>,<15918>
<118.702145,-1.871923,45.988944>,<0.380842,0.921626,-0.074599,0.000000,0.040922,0.063799,0.997123,0.000000,0.923734,-0.382799,-0.013418,0.000000,0.000000,0.000000,0.000000,1.000000>,<4.010000>,<POP3>,<1>,<16048>
<-141.620796,22.745084,-50.807548>,<0.899783,-0.413887,-0.138156,0.000000,-0.192721,-0.092900,-0.976846,0.000000,0.391470,0.905575,-0.163355,0.000000,0.000000,0.000000,0.000000,1.000000>,<4.010000>,<POP1>,<1>,<9319>
<-79.514797,12.658404,-28.166257>,<-0.540741,0.835859,-0.094548,0.000000,0.074933,-0.064087,-0.995127,0.000000,-0.837845,-0.545191,-0.027979,0.000000,0.000000,0.000000,0.000000,1.000000>,<4.010000>,<POP1>,<1>,<10912>
<-163.698348,25.773702,-15.113133>,<0.145117,0.989216,0.019806,0.000000,0.032549,-0.024780,0.999163,0.000000,0.988879,-0.144351,-0.035794,0.000000,0.000000,0.000000,0.000000,1.000000>,<4.010000>,<POP2>,<1>,<8775>
<50.958262,-3.066004,27.237225>,<-0.879811,0.475216,0.010099,0.000000,0.033465,0.040735,0.998609,0.000000,0.474144,0.878926,-0.051743,0.000000,0.000000,0.000000,0.000000,1.000000>,<4.010000>,<POP2>,<1>,<14304>
<201.360057,-0.615797,41.230732>,<0.453169,0.873480,-0.177962,0.000000,0.089556,0.154017,0.984001,0.000000,0.886914,-0.461857,-0.008429,0.000000,0.000000,0.000000,0.000000,1.000000>,<4.010000>,<POP3>,<1>,<18086>
<150.103879,3.927087,20.316569>,<0.067984,0.977777,0.198318,0.000000,-0.033856,0.200925,-0.979021,0.000000,-0.997112,0.059844,0.046763,0.000000,0.000000,0.000000,0.000000,1.000000>,<4.010000>,<POP1>,<1>,<16800>
<36.566661,-6.935403,-27.228894>,<-0.772293,0.634614,0.028795,0.000000,-0.068836,-0.038537,-0.996883,0.000000,-0.631526,-0.771868,0.073447,0.000000,0.000000,0.000000,0.000000,1.000000>,<4.010000>,<POP1>,<1>,<13869>
<112.047473,5.411305,-22.995030>,<-0.774284,0.617479,-0.138580,0.000000,0.049949,0.277928,0.959302,0.000000,0.630864,0.735850,-0.246038,0.000000,0.000000,0.000000,0.000000,1.000000>,<4.010000>,<POP2>,<1>,<15810>
<83.397583,-2.068776,21.881193>,<0.987035,0.157153,0.032631,0.000000,0.022604,0.065178,-0.997618,0.000000,-0.158905,0.985421,0.060780,0.000000,0.000000,0.000000,0.000000,1.000000>,<4.010000>,<POP1>,<1>,<15118>
<145.419842,13.809303,-30.926403>,<0.753544,0.630583,-0.185840,0.000000,0.255060,-0.019892,0.966721,0.000000,0.605901,-0.775867,-0.175826,0.000000,0.000000,0.000000,0.000000,1.000000>,<4.010000>,<POP3>,<1>,<16622>
<-132.649979,17.694056,43.769611>,<-0.584273,-0.773077,-0.246936,0.000000,-0.109779,-0.226191,0.967877,0.000000,-0.804098,0.592612,0.047290,0.000000,0.000000,0.000000,0.000000,1.000000>,<4.010000>,<POP3>,<1>,<9621>
<-128.110898,22.158755,13.516616>,<0.980546,0.167304,0.102664,0.000000,0.114975,-0.065613,-0.991199,0.000000,-0.159095,0.983720,-0.083572,0.000000,0.000000,0.000000,0.000000,1.000000>,<4.010000>,<POP1>,<1>,<9708>
<-155.709540,17.465994,48.362680>,<-0.877928,0.435548,0.198848,0.000000,-0.169866,0.104955,-0.979862,0.000000,-0.447647,-0.894026,-0.018158,0.000000,0.000000,0.000000,0.000000,1.000000>,<4.010000>,<POP1>,<1>,<8960>
<170.100238,19.042542,-39.689869>,<-0.899103,-0.261728,-0.350873,0.000000,-0.332575,-0.112742,0.936313,0.000000,-0.284618,0.958534,0.014322,0.000000,0.000000,0.000000,0.000000,1.000000>,<4.010000>,<POP3>,<1>,<17280>
<103.683890,-1.896569,45.829580>,<-0.451302,-0.888385,-0.084257,0.000000,-0.056028,-0.066025,0.996244,0.000000,-0.890611,0.454327,-0.019977,0.000000,0.000000,0.000000,0.000000,1.000000>,<4.010000>,<POP2>,<1>,<15640>
<93.302836,1.502452,-19.603428>,<-0.503703,-0.856037,-0.116120,0.000000,-0.304693,0.050266,0.951123,0.000000,-0.808360,0.514464,-0.286148,0.000000,0.000000,0.000000,0.000000,1.000000>,<4.010000>,<POP2>,<1>,<15352>
<-185.578644,16.672593,41.715235>,<0.569001,-0.811556,-0.132724,0.000000,0.030028,-0.140786,0.989585,0.000000,-0.821789,-0.567060,-0.055738,0.000000,0.000000,0.000000,0.000000,1.000000>,<4.010000>,<POP3>,<1>,<8242>
<196.377095,11.744216,-9.342332>,<-0.898090,-0.347877,-0.269103,0.000000,-0.166090,-0.298294,0.939912,0.000000,-0.407246,0.888821,0.210115,0.000000,0.000000,0.000000,0.000000,1.000000>,<4.010000>,<POP3>,<1>,<17959>
<-65.292202,13.512682,5.927595>,<-0.952303,-0.300898,-0.050795,0.000000,-0.002319,0.173586,-0.984816,0.000000,0.305146,-0.937725,-0.166004,0.000000,0.000000,0.000000,0.000000,1.000000>,<4.010000>,<POP1>,<1>,<11336>
<-136.261619,23.950444,-16.537644>,<0.397223,0.916924,0.038271,0.000000,-0.132491,0.016031,0.991055,0.000000,0.908108,-0.398740,0.127852,0.000000,0.000000,0.000000,0.000000,1.000000>,<4.010000>,<POP2>,<1>,<9489>
<108.783143,0.325579,17.653408>,<-0.704521,-0.701444,-0.107825,0.000000,-0.186371,0.036266,0.981810,0.000000,-0.684775,0.711801,-0.156279,0.000000,0.000000,0.000000,0.000000,1.000000>,<4.010000>,<POP3>,<1>,<15728>
<83.680315,0.266918,-39.238275>,<-0.112975,-0.993405,-0.019565,0.000000,-0.137203,-0.003906,0.990535,0.000000,-0.984079,0.114590,-0.135857,0.000000,0.000000,0.000000,0.000000,1.000000>,<4.010000>,<POP2>,<1>,<15087>
<71.663883,-2.803267,-48.958472>,<-0.015432,0.998988,-0.042258,0.000000,0.201796,0.044505,0.978416,0.000000,0.979306,0.006572,-0.202278,0.000000,0.000000,0.000000,0.000000,1.000000>,<4.010000>,<POP2>,<1>,<14777>
<-192.488956,24.090368,-16.266226>,<-0.836913,-0.545923,0.039299,0.000000,0.029324,-0.116420,-0.992767,0.000000,0.546550,-0.829707,0.113442,0.000000,0.000000,0.000000,0.000000,1.000000>,<4.010000>,<POP1>,<1>,<8061>
<-1.704446,1.926085,46.949187>,<-0.984329,-0.126320,-0.123043,0.000000,0.093513,0.217648,-0.971537,0.000000,0.149505,-0.967818,-0.202424,0.000000,0.000000,0.000000,0.000000,1.000000>,<4.010000>,<POP1>,<1>,<12938>
<-115.033030,19.197826,-32.967830>,<0.372221,0.910422,0.180508,0.000000,-0.306858,-0.062834,0.949679,0.000000,0.875951,-0.408881,0.255982,0.000000,0.000000,0.000000,0.000000,1.000000>,<4.010000>,<POP2>,<1>,<10042>
<165.167977,9.698258,-1.868309>,<-0.157132,0.932337,-0.325665,0.000000,-0.025283,0.325855,0.945082,0.000000,0.987254,0.156736,-0.027630,0.000000,0.000000,0.000000,0.000000,1.000000>,<4.010000>,<POP2>,<1>,<17197>
<-83.358211,15.325364,34.074368>,<-0.790255,-0.584943,-0.182589,0.000000,-0.028875,-0.262091,0.964611,0.000000,-0.612098,0.767561,0.190229,0.000000,0.000000,0.000000,0.000000,1.000000>,<4.010000>,<POP2>,<1>,<10840>
<36.615302,-8.162099,-40.003900>,<-0.437886,-0.891516,0.115997,0.000000,0.102383,0.078735,0.991624,0.000000,-0.893182,0.446094,0.056799,0.000000,0.000000,0.000000,0.000000,1.000000>,<4.010000>,<POP2>,<1>,<13863>
<-128.284971,20.143263,-44.521244>,<0.043544,0.980725,0.190480,0.000000,-0.287779,-0.170266,0.942440,0.000000,0.956706,-0.095854,0.274818,0.000000,0.000000,0.000000,0.000000,1.000000>,<4.010000>,<POP3>,<1>,<9679>
<-69.940431,6.377585,-45.973530>,<-0.507750,0.799786,0.320208,0.000000,0.006295,-0.368230,0.929713,0.000000,0.861482,0.474077,0.181934,0.000000,0.000000,0.000000,0.000000,1.000000>,<4.010000>,<POP3>,<1>,<11157>
<-95.111066,15.388168,37.381051>,<0.196062,0.962105,-0.189510,0.000000,-0.050065,0.202830,0.977933,0.000000,0.979313,-0.182248,0.087935,0.000000,0.000000,0.000000,0.000000,1.000000>,<4.010000>,<POP3>,<1>,<10587>
<-30.257943,-1.496617,-44.057726>,<-0.108459,-0.986202,0.125066,0.000000,0.208642,0.100424,0.972822,0.000000,-0.971959,0.131605,0.194872,0.000000,0.000000,0.000000,0.000000,1.000000>,<4.010000>,<POP3>,<1>,<12178>
<-177.017078,26.211058,-47.219376>,<0.102721,-0.994446,-0.022940,0.000000,-0.037691,-0.026937,0.998926,0.000000,-0.993996,-0.101746,-0.040249,0.000000,0.000000,0.000000,0.000000,1.000000>,<4.010000>,<POP3>,<1>,<8453>
<52.513592,-2.360404,49.762237>,<-0.651699,0.755250,0.069900,0.000000,-0.024206,-0.112821,0.993320,0.000000,0.758091,0.645654,0.091807,0.000000,0.000000,0.000000,0.000000,1.000000>,<4.010000>,<POP3>,<1>,<14316>
<-146.014211,24.058013,-39.836024>,<-0.829191,0.550832,0.095005,0.000000,-0.050851,-0.243598,0.968542,0.000000,0.556647,0.798275,0.230000,0.000000,0.000000,0.000000,0.000000,1.000000>,<4.010000>,<POP3>,<1>,<9222>
<132.414640,8.409482,-11.261956>,<0.633144,-0.760193,-0.145724,0.000000,-0.058964,-0.235087,0.970184,0.000000,-0.771785,-0.605674,-0.193667,0.000000,0.000000,0.000000,0.000000,1.000000>,<4.010000>,<POP3>,<1>,<16325>
<148.757657,7.635425,1.628052>,<0.019413,0.983850,-0.177941,0.000000,0.205434,0.170252,0.963749,0.000000,0.978478,-0.055264,-0.198811,0.000000,0.000000,0.000000,0.000000,1.000000>,<4.010000>,<POP3>,<1>,<16740>
