<-71.195399,186.056804,-0.957554>,<0.732284,-0.672548,-0.106956,0.000000,-0.680722,-0.718420,-0.143140,0.000000,0.019429,0.177627,-0.983906,0.000000,0.000000,0.000000,0.000000,1.000000>,<17.677670>,<ix400_n25>,<0>,<2780>
<146.248542,140.586952,5.957545>,<0.502193,-0.304688,-0.809301,0.000000,-0.710260,-0.679186,-0.185033,0.000000,-0.493288,0.667736,-0.557490,0.000000,0.000000,0.000000,0.000000,1.000000>,<70.710678>,<i10_n100>,<0>,<2600>
<-443.723235,283.550206,2.950377>,<-0.524842,-0.382176,-0.760580,0.000000,-0.802206,0.520856,0.291847,0.000000,0.284615,0.763315,-0.579951,0.000000,0.000000,0.000000,0.000000,1.000000>,<17.677670>,<iy400_n25>,<0>,<3078>
<123.040793,296.969775,-2.386433>,<0.824012,-0.489745,0.284876,0.000000,-0.558046,-0.614649,0.557488,0.000000,-0.097928,-0.618350,-0.779778,0.000000,0.000000,0.000000,0.000000,1.000000>,<17.677670>,<iy400_n25>,<0>,<3175>
<302.033247,148.444438,2.420755>,<-0.180291,0.775599,0.604931,0.000000,-0.258226,-0.630759,0.731753,0.000000,0.949112,-0.024281,0.314000,0.000000,0.000000,0.000000,0.000000,1.000000>,<35.355339>,<i200_n50>,<0>,<2609>
<318.874193,-320.301413,-1.130505>,<0.850300,0.210382,0.482420,0.000000,0.222100,-0.974449,0.033488,0.000000,0.477138,0.078671,-0.875300,0.000000,0.000000,0.000000,0.000000,1.000000>,<17.677670>,<ix400_n25>,<0>,<882>
<-124.115506,-122.700406,-1.345314>,<0.062927,-0.856679,-0.511997,0.000000,-0.694174,-0.406158,0.594271,0.000000,-0.717051,0.318019,-0.620243,0.000000,0.000000,0.000000,0.000000,1.000000>,<141.421356>,<i5_n200>,<0>,<1625>
<36.878383,126.340344,1.322374>,<0.886957,0.460756,0.031802,0.000000,-0.461853,0.884832,0.061355,0.000000,0.000130,-0.069107,0.997609,0.000000,0.000000,0.000000,0.000000,1.000000>,<35.355339>,<i200_n50>,<0>,<2530>
<-513.651747,-8.428809,1.098663>,<-0.110528,0.678699,0.726052,0.000000,0.889510,-0.258322,0.376885,0.000000,0.443347,0.687487,-0.575157,0.000000,0.000000,0.000000,0.000000,1.000000>,<141.421356>,<i5_n200>,<0>,<1986>
<-368.903749,-427.947424,-2.273217>,<-0.916732,-0.358004,-0.177300,0.000000,-0.163436,-0.068887,0.984146,0.000000,-0.364542,0.931175,0.004640,0.000000,0.000000,0.000000,0.000000,1.000000>,<35.355339>,<i200_n50>,<0>,<458>
<-65.160206,-500.247203,-2.462119>,<-0.212655,-0.044301,0.976122,0.000000,0.966173,-0.158694,0.203286,0.000000,0.145899,0.986334,0.076549,0.000000,0.000000,0.000000,0.000000,1.000000>,<17.677670>,<iy400_n25>,<0>,<220>
<-40.644032,152.176661,1.787791>,<-0.662108,0.686354,-0.300884,0.000000,0.730661,0.501987,-0.462756,0.000000,-0.166575,-0.526239,-0.833862,0.000000,0.000000,0.000000,0.000000,1.000000>,<35.355339>,<i200_n50>,<0>,<2653>
<438.283334,28.556336,0.341953>,<0.019802,-0.661899,-0.749331,0.000000,0.679711,0.558547,-0.475414,0.000000,0.733213,-0.499914,0.460960,0.000000,0.000000,0.000000,0.000000,1.000000>,<70.710678>,<i10_n100>,<0>,<2169>
<433.909819,-181.489985,2.765531>,<-0.487446,-0.838106,-0.244899,0.000000,0.830026,-0.357711,-0.427902,0.000000,0.271024,-0.411852,0.870014,0.000000,0.000000,0.000000,0.000000,1.000000>,<141.421356>,<i5_n200>,<0>,<1401>
<-378.108481,-362.978371,-4.157688>,<-0.329773,-0.243803,-0.912036,0.000000,0.944057,-0.082535,-0.319288,0.000000,0.002568,-0.966307,0.257381,0.000000,0.000000,0.000000,0.000000,1.000000>,<17.677670>,<iy400_n25>,<0>,<714>
<198.583998,403.471916,5.442248>,<0.479930,-0.692833,-0.538191,0.000000,-0.771562,-0.625312,0.116947,0.000000,-0.417562,0.359122,-0.834670,0.000000,0.000000,0.000000,0.000000,1.000000>,<17.677670>,<iy400_n25>,<0>,<3563>
<419.307298,331.190713,2.162897>,<0.990958,0.022340,0.132299,0.000000,0.008713,-0.994674,0.102701,0.000000,0.133889,-0.100620,-0.985875,0.000000,0.000000,0.000000,0.000000,1.000000>,<17.677670>,<iy400_n25>,<0>,<3320>
<-445.052855,-391.027101,1.962584>,<-0.640025,0.408888,-0.650522,0.000000,0.083761,-0.804469,-0.588060,0.000000,-0.763775,-0.430861,0.480631,0.000000,0.000000,0.000000,0.000000,1.000000>,<17.677670>,<ix400_n25>,<0>,<582>
<-67.551872,42.137032,-2.357834>,<0.800502,0.557561,-0.219822,0.000000,0.407199,-0.775100,-0.483124,0.000000,-0.439755,0.297231,-0.847508,0.000000,0.000000,0.000000,0.000000,1.000000>,<17.677670>,<iy400_n25>,<0>,<2204>
<-382.411187,-223.179682,6.580189>,<0.544703,-0.449079,-0.708256,0.000000,0.371068,-0.628308,0.683767,0.000000,-0.752068,-0.635262,-0.175602,0.000000,0.000000,0.000000,0.000000,1.000000>,<70.710678>,<i10_n100>,<0>,<1226>
<313.340017,243.782448,2.796208>,<0.937378,-0.157599,-0.310621,0.000000,-0.321404,-0.735072,-0.596967,0.000000,-0.134247,0.659418,-0.739693,0.000000,0.000000,0.000000,0.000000,1.000000>,<35.355339>,<i200_n50>,<0>,<2994>
<-237.657176,398.759589,4.840973>,<0.508589,0.125967,-0.851745,0.000000,-0.844576,0.265341,-0.465066,0.000000,0.167420,0.955890,0.241338,0.000000,0.000000,0.000000,0.000000,1.000000>,<141.421356>,<i5_n200>,<0>,<3538>
<105.033519,277.363873,0.295096>,<0.663915,-0.599797,-0.446610,0.000000,0.175821,-0.455282,0.872814,0.000000,-0.726845,-0.657998,-0.196812,0.000000,0.000000,0.000000,0.000000,1.000000>,<17.677670>,<ix400_n25>,<0>,<3110>
<23.684779,-439.498080,1.708712>,<-0.447999,-0.432917,0.782227,0.000000,0.158499,-0.899541,-0.407068,0.000000,0.879872,-0.058383,0.471611,0.000000,0.000000,0.000000,0.000000,1.000000>,<17.677670>,<iy400_n25>,<0>,<417>
<457.280849,448.819406,4.883586>,<0.695456,0.608387,-0.382370,0.000000,-0.688127,0.717116,-0.110569,0.000000,0.206935,0.340015,0.917370,0.000000,0.000000,0.000000,0.000000,1.000000>,<17.677670>,<iy400_n25>,<0>,<3770>
<331.239291,421.021058,-0.061625>,<0.616714,-0.000454,0.787187,0.000000,-0.122797,0.987702,0.096774,0.000000,-0.777550,-0.156347,0.609074,0.000000,0.000000,0.000000,0.000000,1.000000>,<17.677670>,<iy400_n25>,<0>,<3635>
<179.955540,349.096056,-3.275593>,<0.377334,0.245235,-0.893017,0.000000,0.536899,0.727772,0.426717,0.000000,0.754559,-0.640474,0.142947,0.000000,0.000000,0.000000,0.000000,1.000000>,<35.355339>,<i200_n50>,<0>,<3370>
<-469.732540,480.240071,-3.675349>,<-0.942359,0.299617,-0.148958,0.000000,0.050855,-0.311757,-0.948800,0.000000,-0.330715,-0.901686,0.278550,0.000000,0.000000,0.000000,0.000000,1.000000>,<35.355339>,<i200_n50>,<0>,<3781>
<259.276188,-204.100869,4.543885>,<0.274553,-0.071050,-0.958943,0.000000,-0.698134,0.671051,-0.249601,0.000000,0.661234,0.737999,0.134637,0.000000,0.000000,0.000000,0.000000,1.000000>,<17.677670>,<ix400_n25>,<0>,<1327>
<443.555315,197.358095,4.653082>,<-0.497833,-0.254761,0.829011,0.000000,-0.586465,0.803089,-0.105386,0.000000,-0.638922,-0.538651,-0.549212,0.000000,0.000000,0.000000,0.000000,1.000000>,<70.710678>,<i10_n100>,<0>,<2809>
<-83.054395,213.144973,-4.195745>,<0.583857,-0.209355,0.784399,0.000000,0.513395,0.843675,-0.156963,0.000000,-0.628917,0.494351,0.600067,0.000000,0.000000,0.000000,0.000000,1.000000>,<17.677670>,<ix400_n25>,<0>,<2843>
<350.288805,419.712253,-7.990176>,<-0.136131,-0.988195,-0.070281,0.000000,-0.966479,0.116881,0.228597,0.000000,-0.217683,0.099044,-0.970981,0.000000,0.000000,0.000000,0.000000,1.000000>,<17.677670>,<ix400_n25>,<0>,<3636>
<41.348869,468.468003,10.995601>,<0.512402,-0.709138,0.484322,0.000000,0.563137,0.703267,0.433928,0.000000,-0.648322,0.050394,0.759697,0.000000,0.000000,0.000000,0.000000,1.000000>,<17.677670>,<iy400_n25>,<0>,<3810>
<333.252483,38.775784,2.796709>,<-0.299788,0.913843,-0.273894,0.000000,0.423320,-0.129862,-0.896625,0.000000,-0.854943,-0.384743,-0.347917,0.000000,0.000000,0.000000,0.000000,1.000000>,<17.677670>,<ix400_n25>,<0>,<2227>
<-407.058148,387.355354,-7.584329>,<0.852890,0.164733,0.495421,0.000000,0.481896,0.116726,-0.868419,0.000000,-0.200886,0.979407,0.020170,0.000000,0.000000,0.000000,0.000000,1.000000>,<17.677670>,<iy400_n25>,<0>,<3464>
<277.660639,43.489750,-1.442085>,<-0.530210,-0.120987,-0.839190,0.000000,-0.503647,0.841163,0.196939,0.000000,0.682068,0.527075,-0.506927,0.000000,0.000000,0.000000,0.000000,1.000000>,<17.677670>,<iy400_n25>,<0>,<2224>
<-234.925207,-501.943396,-4.654862>,<0.010246,-0.390898,-0.920377,0.000000,0.883004,-0.428399,0.191778,0.000000,-0.469254,-0.814661,0.340775,0.000000,0.000000,0.000000,0.000000,1.000000>,<17.677670>,<ix400_n25>,<0>,<210>
<-9.538172,-359.166380,2.939888>,<0.487018,-0.234845,-0.841226,0.000000,-0.318491,0.849095,-0.421428,0.000000,0.813251,0.473166,0.338729,0.000000,0.000000,0.000000,0.000000,1.000000>,<17.677670>,<ix400_n25>,<0>,<735>
<340.958941,-389.252023,-1.501415>,<-0.990893,0.038335,-0.129078,0.000000,-0.091735,-0.893921,0.438737,0.000000,-0.098567,0.446582,0.889297,0.000000,0.000000,0.000000,0.000000,1.000000>,<70.710678>,<i10_n100>,<0>,<627>
<-290.576379,34.315549,-6.772834>,<-0.248070,-0.322491,0.913488,0.000000,-0.317198,0.918022,0.237952,0.000000,-0.915340,-0.230728,-0.330027,0.000000,0.000000,0.000000,0.000000,1.000000>,<35.355339>,<i200_n50>,<0>,<2191>
<194.554409,-365.773621,-1.321239>,<0.667576,-0.678731,-0.306051,0.000000,-0.404027,0.015032,-0.914624,0.000000,0.625384,0.734233,-0.264190,0.000000,0.000000,0.000000,0.000000,1.000000>,<17.677670>,<iy400_n25>,<0>,<747>
<95.114313,452.121045,2.882990>,<0.990663,0.049800,0.126910,0.000000,-0.021506,0.976325,-0.215236,0.000000,-0.134624,0.210497,0.968281,0.000000,0.000000,0.000000,0.000000,1.000000>,<17.677670>,<iy400_n25>,<0>,<3749>
<224.435744,-127.663349,4.287721>,<-0.078291,0.929894,-0.359399,0.000000,-0.994179,-0.099592,-0.041108,0.000000,-0.074019,0.354088,0.932278,0.000000,0.000000,0.000000,0.000000,1.000000>,<70.710678>,<i10_n100>,<0>,<1581>
<333.315962,-305.296877,-2.150843>,<-0.512615,0.102303,0.852502,0.000000,-0.049294,0.987732,-0.148171,0.000000,-0.857203,-0.117978,-0.501283,0.000000,0.000000,0.000000,0.000000,1.000000>,<17.677670>,<ix400_n25>,<0>,<947>
<-266.278631,131.262507,0.162810>,<-0.259428,0.932292,-0.252048,0.000000,-0.960527,-0.276218,-0.033042,0.000000,-0.100425,0.233526,0.967151,0.000000,0.000000,0.000000,0.000000,1.000000>,<17.677670>,<ix400_n25>,<0>,<2512>
<-25.975841,351.421863,-5.274904>,<-0.924346,-0.323460,-0.202380,0.000000,-0.345536,0.484673,0.803553,0.000000,-0.161829,0.812690,-0.559773,0.000000,0.000000,0.000000,0.000000,1.000000>,<35.355339>,<i200_n50>,<0>,<3358>
<18.554929,53.653631,-2.156695>,<-0.178027,0.009857,0.983976,0.000000,-0.127274,0.991320,-0.032958,0.000000,-0.975760,-0.131103,-0.175228,0.000000,0.000000,0.000000,0.000000,1.000000>,<70.710678>,<i10_n100>,<0>,<2273>
<-138.279897,77.418714,5.584999>,<0.673524,-0.606642,-0.422317,0.000000,0.674918,0.737704,0.016698,0.000000,0.301415,-0.296276,0.906294,0.000000,0.000000,0.000000,0.000000,1.000000>,<35.355339>,<i200_n50>,<0>,<2328>
<-312.020774,-389.516583,-1.569087>,<-0.010739,0.995721,-0.091784,0.000000,-0.629422,0.064592,0.774374,0.000000,0.776989,0.066087,0.626035,0.000000,0.000000,0.000000,0.000000,1.000000>,<17.677670>,<iy400_n25>,<0>,<590>
<-387.168958,138.856768,-3.781897>,<-0.654245,-0.163558,-0.738385,0.000000,-0.591116,0.719600,0.364361,0.000000,0.471747,0.674852,-0.567476,0.000000,0.000000,0.000000,0.000000,1.000000>,<17.677670>,<iy400_n25>,<0>,<2570>
<97.816092,222.708533,-2.296366>,<0.833975,0.465666,-0.296043,0.000000,0.489060,-0.375299,0.787382,0.000000,0.255553,-0.801440,-0.540729,0.000000,0.000000,0.000000,0.000000,1.000000>,<17.677670>,<ix400_n25>,<0>,<2918>
<-516.153279,-339.524413,1.700009>,<0.675892,-0.223927,-0.702158,0.000000,-0.422621,-0.898282,-0.120338,0.000000,-0.603789,0.378082,-0.701778,0.000000,0.000000,0.000000,0.000000,1.000000>,<17.677670>,<iy400_n25>,<0>,<770>
<-65.581302,455.467028,2.494117>,<-0.971637,0.229283,0.057888,0.000000,0.210899,0.950909,-0.226481,0.000000,-0.106974,-0.207849,-0.972294,0.000000,0.000000,0.000000,0.000000,1.000000>,<17.677670>,<ix400_n25>,<0>,<3740>
<46.268030,-359.000034,-2.594250>,<0.504988,0.817386,-0.277249,0.000000,0.143064,0.237505,0.960793,0.000000,0.851188,-0.524853,0.002999,0.000000,0.000000,0.000000,0.000000,1.000000>,<17.677670>,<iy400_n25>,<0>,<738>
<-501.302175,-201.406986,10.947936>,<0.120268,-0.977328,0.174255,0.000000,0.834751,0.194565,0.515106,0.000000,-0.537332,0.083509,0.839226,0.000000,0.000000,0.000000,0.000000,1.000000>,<70.710678>,<i10_n100>,<0>,<1283>
<208.908416,109.180899,8.418770>,<-0.677261,0.731013,0.083290,0.000000,0.676386,0.574073,0.461456,0.000000,0.289516,0.368862,-0.883245,0.000000,0.000000,0.000000,0.000000,1.000000>,<17.677670>,<ix400_n25>,<0>,<2476>
<24.443372,325.379954,-10.240591>,<-0.044490,-0.958502,0.281594,0.000000,-0.994105,0.070373,0.082475,0.000000,-0.098869,-0.276265,-0.955983,0.000000,0.000000,0.000000,0.000000,1.000000>,<17.677670>,<iy400_n25>,<0>,<3297>
<236.864832,211.822935,-1.306741>,<-0.325941,0.854035,-0.405446,0.000000,0.540364,0.520203,0.661358,0.000000,0.775738,-0.003524,-0.631046,0.000000,0.000000,0.000000,0.000000,1.000000>,<35.355339>,<i200_n50>,<0>,<2862>
<-426.583776,-494.109660,-1.190219>,<-0.752977,0.626373,-0.201697,0.000000,0.452604,0.715464,0.532222,0.000000,0.477676,0.309462,-0.822228,0.000000,0.000000,0.000000,0.000000,1.000000>,<17.677670>,<iy400_n25>,<0>,<199>
<88.386217,-319.821822,-0.258390>,<0.460636,0.020774,0.887346,0.000000,-0.794313,-0.436474,0.422559,0.000000,0.396082,-0.899477,-0.184554,0.000000,0.000000,0.000000,0.000000,1.000000>,<17.677670>,<iy400_n25>,<0>,<869>
<-453.402418,364.438343,-1.605260>,<-0.491757,0.725357,-0.481697,0.000000,0.553661,0.687452,0.469968,0.000000,0.672038,-0.035587,-0.739661,0.000000,0.000000,0.000000,0.000000,1.000000>,<17.677670>,<iy400_n25>,<0>,<3397>
<484.401908,308.654668,0.732621>,<0.823093,-0.088389,0.560986,0.000000,0.412655,-0.585576,-0.697722,0.000000,0.390171,0.805784,-0.445509,0.000000,0.000000,0.000000,0.000000,1.000000>,<17.677670>,<iy400_n25>,<0>,<3260>
<167.377797,-272.050735,-1.800634>,<0.105555,0.848598,-0.518401,0.000000,0.044977,-0.524854,-0.850003,0.000000,-0.993396,0.066406,-0.093568,0.000000,0.000000,0.000000,0.000000,1.000000>,<17.677670>,<iy400_n25>,<0>,<1065>
<494.319340,114.423970,-2.760977>,<-0.637578,-0.641138,-0.427124,0.000000,-0.610678,0.082618,0.787558,0.000000,-0.469645,0.762965,-0.444205,0.000000,0.000000,0.000000,0.000000,1.000000>,<35.355339>,<i200_n50>,<0>,<2492>
<-510.985963,213.657364,7.248111>,<0.025096,-0.469391,-0.882634,0.000000,0.980135,0.185309,-0.070680,0.000000,0.196736,-0.863327,0.464717,0.000000,0.000000,0.000000,0.000000,1.000000>,<17.677670>,<ix400_n25>,<0>,<2818>
<-398.061800,160.704321,0.643132>,<0.671353,-0.222771,-0.706865,0.000000,-0.263775,0.819486,-0.508788,0.000000,0.692609,0.528029,0.491404,0.000000,0.000000,0.000000,0.000000,1.000000>,<17.677670>,<iy400_n25>,<0>,<2633>
<441.137263,317.012499,-3.551764>,<-0.035068,-0.805162,0.592017,0.000000,-0.667615,0.459686,0.585643,0.000000,-0.743680,-0.374702,-0.553659,0.000000,0.000000,0.000000,0.000000,1.000000>,<17.677670>,<ix400_n25>,<0>,<3257>
<24.244944,-516.696202,-2.114230>,<-0.756402,-0.156177,0.635188,0.000000,-0.568473,0.637317,-0.520256,0.000000,-0.323564,-0.754610,-0.570850,0.000000,0.000000,0.000000,0.000000,1.000000>,<17.677670>,<iy400_n25>,<0>,<161>
<54.995596,-506.439068,-0.006216>,<0.198791,0.257753,-0.945540,0.000000,-0.878633,0.474269,-0.055439,0.000000,0.434151,0.841803,0.320750,0.000000,0.000000,0.000000,0.000000,1.000000>,<17.677670>,<ix400_n25>,<0>,<227>
<-380.733309,234.237757,-11.314973>,<-0.165912,0.366279,0.915594,0.000000,0.881384,0.471515,-0.028915,0.000000,-0.442307,0.802193,-0.401062,0.000000,0.000000,0.000000,0.000000,1.000000>,<17.677670>,<ix400_n25>,<0>,<2890>
<-137.783071,153.047131,-8.356713>,<-0.867133,-0.225523,-0.444094,0.000000,-0.006302,0.896515,-0.442969,0.000000,0.498037,-0.381314,-0.778819,0.000000,0.000000,0.000000,0.000000,1.000000>,<17.677670>,<iy400_n25>,<0>,<2648>
<228.820826,-343.443698,-0.317539>,<0.513679,0.002940,0.857977,0.000000,0.160772,0.981951,-0.099621,0.000000,-0.842785,0.189112,0.503935,0.000000,0.000000,0.000000,0.000000,1.000000>,<17.677670>,<iy400_n25>,<0>,<813>
<-165.576716,-300.276079,-4.371608>,<0.792360,0.460612,-0.400004,0.000000,0.501366,-0.118113,0.857136,0.000000,0.347561,-0.879708,-0.324523,0.000000,0.000000,0.000000,0.000000,1.000000>,<35.355339>,<i200_n50>,<0>,<918>
<37.143993,386.916170,-2.329187>,<-0.157862,-0.923457,-0.349725,0.000000,0.598586,-0.371167,0.709880,0.000000,-0.785350,-0.097278,0.611362,0.000000,0.000000,0.000000,0.000000,1.000000>,<17.677670>,<iy400_n25>,<0>,<3490>
<74.919321,482.912255,5.616593>,<0.063772,-0.479578,-0.875179,0.000000,-0.906218,-0.395124,0.150485,0.000000,-0.417974,0.783506,-0.459800,0.000000,0.000000,0.000000,0.000000,1.000000>,<35.355339>,<i200_n50>,<0>,<3876>
<-499.319373,448.392401,-5.775439>,<-0.242257,-0.524039,0.816514,0.000000,-0.794479,-0.375900,-0.476972,0.000000,0.556880,-0.764252,-0.325274,0.000000,0.000000,0.000000,0.000000,1.000000>,<17.677670>,<ix400_n25>,<0>,<3715>
<-480.391893,257.019733,4.258657>,<-0.229117,0.943054,-0.241151,0.000000,0.313688,-0.162991,-0.935432,0.000000,-0.921469,-0.289970,-0.258481,0.000000,0.000000,0.000000,0.000000,1.000000>,<35.355339>,<i200_n50>,<0>,<2948>
<-374.956444,159.560954,-2.477579>,<-0.391961,0.333492,0.857409,0.000000,0.377389,0.908245,-0.180743,0.000000,-0.839014,0.252733,-0.481853,0.000000,0.000000,0.000000,0.000000,1.000000>,<17.677670>,<ix400_n25>,<0>,<2634>
<-136.854847,-390.034681,2.720284>,<-0.152856,-0.954411,0.256390,0.000000,0.899453,-0.241839,-0.364003,0.000000,0.409413,0.174970,0.895414,0.000000,0.000000,0.000000,0.000000,1.000000>,<35.355339>,<i200_n50>,<0>,<600>
<107.459155,42.565915,-2.046612>,<-0.054353,0.366607,0.928787,0.000000,-0.966063,0.215929,-0.141765,0.000000,-0.252524,-0.904972,0.342429,0.000000,0.000000,0.000000,0.000000,1.000000>,<17.677670>,<ix400_n25>,<0>,<2214>
<113.654419,-114.049033,-6.704412>,<-0.286990,0.261065,-0.921673,0.000000,-0.943618,0.088672,0.318940,0.000000,0.164991,0.961240,0.220898,0.000000,0.000000,0.000000,0.000000,1.000000>,<17.677670>,<ix400_n25>,<0>,<1638>
<129.718596,-183.436195,-0.488743>,<-0.743431,0.258361,-0.616895,0.000000,-0.254680,-0.962241,-0.096075,0.000000,-0.618424,0.085685,0.781159,0.000000,0.000000,0.000000,0.000000,1.000000>,<17.677670>,<ix400_n25>,<0>,<1383>
<-100.764098,365.610467,-1.253131>,<-0.200685,-0.977817,0.059992,0.000000,-0.572784,0.067436,-0.816928,0.000000,0.794761,-0.198308,-0.573611,0.000000,0.000000,0.000000,0.000000,1.000000>,<17.677670>,<iy400_n25>,<0>,<3418>
<-249.359212,-409.767528,4.456658>,<0.086315,-0.963430,-0.253678,0.000000,0.938993,0.163762,-0.302447,0.000000,0.332929,-0.212097,0.918789,0.000000,0.000000,0.000000,0.000000,1.000000>,<17.677670>,<iy400_n25>,<0>,<529>
<105.970498,-399.196758,-1.313224>,<0.791007,0.397715,-0.464898,0.000000,-0.557576,0.781401,-0.280216,0.000000,0.251826,0.480869,0.839851,0.000000,0.000000,0.000000,0.000000,1.000000>,<17.677670>,<iy400_n25>,<0>,<614>
<216.677348,-468.312468,-1.993561>,<0.542635,0.384842,0.746622,0.000000,-0.798844,-0.038278,0.600319,0.000000,0.259607,-0.922189,0.286658,0.000000,0.000000,0.000000,0.000000,1.000000>,<17.677670>,<iy400_n25>,<0>,<364>
<58.414498,-234.216611,5.219407>,<0.917143,-0.397475,0.029372,0.000000,-0.398470,-0.916003,0.046487,0.000000,0.008427,-0.054339,-0.998487,0.000000,0.000000,0.000000,0.000000,1.000000>,<17.677670>,<ix400_n25>,<0>,<1187>
<-427.661316,145.947133,-1.902975>,<-0.738035,0.264176,-0.620899,0.000000,-0.663547,-0.117072,0.738918,0.000000,0.122515,0.957343,0.261696,0.000000,0.000000,0.000000,0.000000,1.000000>,<17.677670>,<iy400_n25>,<0>,<2567>
<-516.469042,-277.828910,-0.696953>,<0.376303,0.278598,-0.883617,0.000000,0.611848,-0.790896,0.011203,0.000000,-0.695728,-0.544855,-0.468076,0.000000,0.000000,0.000000,0.000000,1.000000>,<17.677670>,<iy400_n25>,<0>,<1026>
<276.839217,-202.731844,-3.202435>,<0.977411,0.207223,0.041556,0.000000,0.108832,-0.324933,-0.939454,0.000000,-0.181174,0.922755,-0.340145,0.000000,0.000000,0.000000,0.000000,1.000000>,<17.677670>,<iy400_n25>,<0>,<1328>
<-467.089287,-374.405972,-3.491453>,<0.144671,-0.644418,0.750863,0.000000,0.545407,-0.581223,-0.603912,0.000000,0.825591,0.496895,0.267384,0.000000,0.000000,0.000000,0.000000,1.000000>,<17.677670>,<iy400_n25>,<0>,<645>
<334.818529,179.035649,1.597088>,<0.366814,-0.923215,-0.114547,0.000000,-0.359293,-0.027015,-0.932834,0.000000,0.858112,0.383333,-0.341614,0.000000,0.000000,0.000000,0.000000,1.000000>,<17.677670>,<ix400_n25>,<0>,<2739>
<-331.525471,14.024909,-4.526138>,<-0.780513,-0.226941,0.582492,0.000000,0.452683,-0.847792,0.276272,0.000000,0.431135,0.479318,0.764445,0.000000,0.000000,0.000000,0.000000,1.000000>,<17.677670>,<ix400_n25>,<0>,<2124>
<-28.174276,-447.221389,1.914022>,<-0.079992,-0.668209,0.739660,0.000000,0.905110,0.262169,0.334728,0.000000,-0.417585,0.696250,0.583832,0.000000,0.000000,0.000000,0.000000,1.000000>,<17.677670>,<iy400_n25>,<0>,<414>
<231.693440,470.746976,-3.412354>,<-0.270076,0.588740,0.761868,0.000000,-0.772035,-0.605241,0.194025,0.000000,0.575345,-0.535787,0.617989,0.000000,0.000000,0.000000,0.000000,1.000000>,<17.677670>,<iy400_n25>,<0>,<3821>
<61.887149,-308.882824,-2.042307>,<-0.561788,-0.509921,-0.651440,0.000000,-0.697151,0.715754,0.040945,0.000000,0.445393,0.477154,-0.757594,0.000000,0.000000,0.000000,0.000000,1.000000>,<17.677670>,<ix400_n25>,<0>,<931>
<-235.619754,213.423001,-5.124526>,<0.144060,0.442954,0.884895,0.000000,-0.981622,0.177069,0.071171,0.000000,-0.125162,-0.878885,0.460321,0.000000,0.000000,0.000000,0.000000,1.000000>,<17.677670>,<iy400_n25>,<0>,<2834>
<267.577532,-516.147733,-0.775858>,<0.246002,-0.927734,0.280702,0.000000,0.262951,-0.214864,-0.940580,0.000000,0.932920,0.305195,0.191091,0.000000,0.000000,0.000000,0.000000,1.000000>,<17.677670>,<ix400_n25>,<0>,<175>
<421.079156,402.977153,1.279642>,<0.212899,0.075678,0.974139,0.000000,-0.389534,-0.907764,0.155655,0.000000,0.896068,-0.412599,-0.163783,0.000000,0.000000,0.000000,0.000000,1.000000>,<17.677670>,<iy400_n25>,<0>,<3576>
<37.711418,-153.641136,-1.452492>,<-0.810027,0.581865,-0.072726,0.000000,0.543991,0.699350,-0.463663,0.000000,-0.218929,-0.415142,-0.883022,0.000000,0.000000,0.000000,0.000000,1.000000>,<17.677670>,<ix400_n25>,<0>,<1506>
<-397.732174,73.739159,-1.849203>,<-0.152532,-0.212871,-0.965101,0.000000,-0.167371,0.967986,-0.187055,0.000000,0.974023,0.132998,-0.183278,0.000000,0.000000,0.000000,0.000000,1.000000>,<17.677670>,<iy400_n25>,<0>,<2313>
<-343.268588,-497.616713,0.467137>,<-0.633128,0.365919,-0.682094,0.000000,-0.630876,-0.754521,0.180813,0.000000,-0.448491,0.544795,0.708558,0.000000,0.000000,0.000000,0.000000,1.000000>,<17.677670>,<ix400_n25>,<0>,<204>
<92.074898,-203.769389,2.059399>,<-0.045159,0.723720,0.688614,0.000000,0.816712,0.423700,-0.391741,0.000000,-0.575276,0.544708,-0.610205,0.000000,0.000000,0.000000,0.000000,1.000000>,<17.677670>,<iy400_n25>,<0>,<1317>
<405.585619,-473.167586,0.211845>,<-0.414568,-0.909801,-0.019874,0.000000,-0.161004,0.094824,-0.982388,0.000000,0.895662,-0.404067,-0.185793,0.000000,0.000000,0.000000,0.000000,1.000000>,<17.677670>,<ix400_n25>,<0>,<375>
<-49.343842,102.003836,4.307058>,<-0.315852,-0.653379,0.687993,0.000000,-0.938580,0.321346,-0.125715,0.000000,-0.138944,-0.685443,-0.714746,0.000000,0.000000,0.000000,0.000000,1.000000>,<17.677670>,<iy400_n25>,<0>,<2461>
<-47.908165,397.865965,9.169767>,<-0.273084,0.830779,0.485007,0.000000,-0.013119,0.500907,-0.865402,0.000000,-0.961901,-0.242690,-0.125891,0.000000,0.000000,0.000000,0.000000,1.000000>,<17.677670>,<iy400_n25>,<0>,<3549>
<-369.741900,315.679223,-3.203253>,<-0.156272,0.571182,-0.805810,0.000000,-0.069508,0.807451,0.585825,0.000000,0.985265,0.147559,-0.086480,0.000000,0.000000,0.000000,0.000000,1.000000>,<17.677670>,<iy400_n25>,<0>,<3210>
<78.149049,10.574366,10.239384>,<-0.352020,0.437098,0.827664,0.000000,0.629943,0.764659,-0.135899,0.000000,-0.692282,0.473542,-0.544522,0.000000,0.000000,0.000000,0.000000,1.000000>,<17.677670>,<iy400_n25>,<0>,<2084>
<-8.484243,-467.881467,-5.132004>,<-0.385771,0.679211,0.624383,0.000000,-0.435450,-0.730689,0.525811,0.000000,0.813366,-0.069045,0.577641,0.000000,0.000000,0.000000,0.000000,1.000000>,<17.677670>,<iy400_n25>,<0>,<287>
<406.924972,403.159191,2.487954>,<-0.974958,0.194407,-0.107992,0.000000,-0.163487,-0.297360,0.940664,0.000000,0.150759,0.934764,0.321696,0.000000,0.000000,0.000000,0.000000,1.000000>,<17.677670>,<iy400_n25>,<0>,<3575>
<59.124974,349.634151,0.126793>,<0.880940,-0.157229,0.446344,0.000000,-0.237513,0.668889,0.704397,0.000000,-0.409306,-0.726544,0.551907,0.000000,0.000000,0.000000,0.000000,1.000000>,<17.677670>,<iy400_n25>,<0>,<3363>
<300.117320,-458.877627,-10.184842>,<0.987974,-0.109492,-0.109175,0.000000,0.033730,-0.536458,0.843253,0.000000,-0.150898,-0.836794,-0.526313,0.000000,0.000000,0.000000,0.000000,1.000000>,<17.677670>,<iy400_n25>,<0>,<369>
<75.230534,-208.511834,-4.585950>,<-0.110276,-0.727704,-0.676968,0.000000,-0.058059,0.684676,-0.726532,0.000000,0.992204,-0.040815,-0.117754,0.000000,0.000000,0.000000,0.000000,1.000000>,<17.677670>,<iy400_n25>,<0>,<1316>
<-419.626949,-358.783642,-1.537669>,<0.634931,0.734999,0.237988,0.000000,0.263183,-0.495400,0.827837,0.000000,0.726359,-0.462985,-0.507984,0.000000,0.000000,0.000000,0.000000,1.000000>,<17.677670>,<iy400_n25>,<0>,<711>
<-271.846085,-290.275638,0.669836>,<0.392546,0.124417,0.911278,0.000000,0.875019,-0.355696,-0.328364,0.000000,0.283284,0.926283,-0.248494,0.000000,0.000000,0.000000,0.000000,1.000000>,<17.677670>,<iy400_n25>,<0>,<976>
<160.253001,318.086334,4.614005>,<-0.470133,0.839899,-0.271191,0.000000,0.361778,0.463652,0.808791,0.000000,0.805041,0.282128,-0.521836,0.000000,0.000000,0.000000,0.000000,1.000000>,<17.677670>,<iy400_n25>,<0>,<3241>
<89.075972,246.308774,4.417526>,<0.289231,0.915821,-0.278600,0.000000,0.488419,0.109121,0.865760,0.000000,0.823282,-0.386478,-0.415743,0.000000,0.000000,0.000000,0.000000,1.000000>,<17.677670>,<iy400_n25>,<0>,<2981>
<75.019318,-58.338928,5.962258>,<0.492278,-0.704763,-0.510854,0.000000,0.174685,0.654943,-0.735211,0.000000,0.852729,0.272689,0.445526,0.000000,0.000000,0.000000,0.000000,1.000000>,<17.677670>,<iy400_n25>,<0>,<1828>
<138.951414,386.037764,-2.055337>,<-0.458498,0.623698,0.633072,0.000000,0.304155,0.779470,-0.547646,0.000000,-0.835026,-0.058543,-0.547087,0.000000,0.000000,0.000000,0.000000,1.000000>,<17.677670>,<iy400_n25>,<0>,<3496>
<489.681670,-463.039539,0.170381>,<0.152714,-0.770040,0.619448,0.000000,-0.899076,-0.368476,-0.236404,0.000000,0.410292,-0.520829,-0.748597,0.000000,0.000000,0.000000,0.000000,1.000000>,<17.677670>,<iy400_n25>,<0>,<380>
<38.079159,-114.121795,0.968188>,<-0.999381,-0.019660,-0.029174,0.000000,0.017240,0.449169,-0.893280,0.000000,0.030666,-0.893230,-0.448552,0.000000,0.000000,0.000000,0.000000,1.000000>,<17.677670>,<iy400_n25>,<0>,<1698>
<-378.891417,-513.753809,2.016648>,<0.495699,-0.733200,0.465510,0.000000,-0.415033,-0.670815,-0.614618,0.000000,0.762909,0.111463,-0.636824,0.000000,0.000000,0.000000,0.000000,1.000000>,<17.677670>,<iy400_n25>,<0>,<138>
<-257.586826,-226.069549,1.648700>,<-0.976184,-0.098711,-0.193185,0.000000,-0.200704,0.072875,0.976938,0.000000,-0.082356,0.992444,-0.090951,0.000000,0.000000,0.000000,0.000000,1.000000>,<17.677670>,<iy400_n25>,<0>,<1233>
<-106.321390,484.411085,0.320578>,<0.909832,0.217477,0.353425,0.000000,0.324784,0.156947,-0.932675,0.000000,-0.258304,0.963365,0.072162,0.000000,0.000000,0.000000,0.000000,1.000000>,<17.677670>,<iy400_n25>,<0>,<3866>
<-292.060297,-301.729252,-1.490511>,<-0.613530,0.308243,0.727026,0.000000,-0.457455,0.611717,-0.645396,0.000000,-0.643674,-0.728552,-0.234299,0.000000,0.000000,0.000000,0.000000,1.000000>,<17.677670>,<iy400_n25>,<0>,<911>
<198.476069,-432.463542,-1.318238>,<-0.872937,-0.285316,0.395698,0.000000,-0.471451,0.701846,-0.533991,0.000000,-0.125362,-0.652692,-0.747179,0.000000,0.000000,0.000000,0.000000,1.000000>,<17.677670>,<iy400_n25>,<0>,<491>
<-399.258809,422.260665,1.968177>,<0.738715,0.379372,0.557115,0.000000,0.673739,-0.391831,-0.626533,0.000000,-0.019394,0.838180,-0.545049,0.000000,0.000000,0.000000,0.000000,1.000000>,<17.677670>,<iy400_n25>,<0>,<3593>
<-377.747913,189.689585,-3.302399>,<-0.450326,0.887824,0.094733,0.000000,0.853816,0.459235,-0.245157,0.000000,-0.261161,-0.029516,-0.964844,0.000000,0.000000,0.000000,0.000000,1.000000>,<17.677670>,<iy400_n25>,<0>,<2762>
<101.830501,-365.077053,-0.243087>,<-0.706983,0.247106,-0.662657,0.000000,0.687348,0.019467,-0.726067,0.000000,-0.166516,-0.968793,-0.183610,0.000000,0.000000,0.000000,0.000000,1.000000>,<17.677670>,<iy400_n25>,<0>,<742>
<-53.348726,-380.058383,-0.217778>,<0.451717,0.778550,-0.435673,0.000000,-0.689567,0.614531,0.383209,0.000000,0.566082,0.127324,0.814457,0.000000,0.000000,0.000000,0.000000,1.000000>,<17.677670>,<iy400_n25>,<0>,<669>
<385.385715,398.777356,5.262406>,<0.290891,-0.452749,-0.842853,0.000000,0.815587,-0.343225,0.465848,0.000000,-0.500200,-0.822931,0.269415,0.000000,0.000000,0.000000,0.000000,1.000000>,<17.677670>,<iy400_n25>,<0>,<3574>
<265.742841,-219.498055,-12.896524>,<0.338635,-0.569108,-0.749294,0.000000,-0.480973,0.579740,-0.657698,0.000000,0.808697,0.583110,-0.077406,0.000000,0.000000,0.000000,0.000000,1.000000>,<17.677670>,<iy400_n25>,<0>,<1263>
<-497.449909,165.539685,1.634991>,<0.216646,-0.744312,0.631715,0.000000,-0.975027,-0.132579,0.178173,0.000000,-0.048864,-0.654540,-0.754447,0.000000,0.000000,0.000000,0.000000,1.000000>,<17.677670>,<iy400_n25>,<0>,<2627>
<-123.428094,129.515726,6.865336>,<-0.433197,0.512683,-0.741280,0.000000,0.683270,-0.349556,-0.641056,0.000000,-0.587777,-0.784198,-0.198874,0.000000,0.000000,0.000000,0.000000,1.000000>,<17.677670>,<iy400_n25>,<0>,<2521>
<146.165571,457.543896,2.876721>,<-0.179418,-0.887350,0.424758,0.000000,0.852029,0.075678,0.517996,0.000000,-0.491789,0.454844,0.742470,0.000000,0.000000,0.000000,0.000000,1.000000>,<17.677670>,<iy400_n25>,<0>,<3752>
<249.148738,-437.032400,1.552564>,<0.144593,0.219663,0.964801,0.000000,-0.074209,-0.969894,0.231944,0.000000,0.986705,-0.105134,-0.123939,0.000000,0.000000,0.000000,0.000000,1.000000>,<17.677670>,<iy400_n25>,<0>,<494>
<-219.303244,-323.328218,0.859994>,<0.040123,0.386020,0.921617,0.000000,0.986909,0.128887,-0.096950,0.000000,-0.156209,0.913442,-0.375795,0.000000,0.000000,0.000000,0.000000,1.000000>,<17.677670>,<iy400_n25>,<0>,<851>
<451.383527,384.711898,-2.301493>,<0.253584,0.800339,-0.543279,0.000000,-0.687296,0.544286,0.481016,0.000000,0.680675,0.251416,0.688092,0.000000,0.000000,0.000000,0.000000,1.000000>,<17.677670>,<iy400_n25>,<0>,<3514>
<278.307315,419.725092,-5.109059>,<0.382747,-0.421382,-0.822157,0.000000,-0.887445,0.079671,-0.453976,0.000000,0.256799,0.903377,-0.343460,0.000000,0.000000,0.000000,0.000000,1.000000>,<17.677670>,<iy400_n25>,<0>,<3632>
<28.499146,-481.438128,3.533847>,<-0.317418,0.490989,-0.811281,0.000000,-0.766430,-0.636623,-0.085416,0.000000,-0.558419,0.594677,0.578384,0.000000,0.000000,0.000000,0.000000,1.000000>,<17.677670>,<iy400_n25>,<0>,<290>
<-336.800967,265.545502,-3.547455>,<-0.829751,0.364812,-0.422403,0.000000,-0.420724,-0.906127,0.043867,0.000000,-0.366748,0.214114,0.905346,0.000000,0.000000,0.000000,0.000000,1.000000>,<17.677670>,<iy400_n25>,<0>,<3020>
<489.860960,336.434251,-1.131870>,<-0.226372,0.966920,0.117566,0.000000,0.432475,0.207925,-0.877344,0.000000,-0.872766,-0.147762,-0.465237,0.000000,0.000000,0.000000,0.000000,1.000000>,<17.677670>,<iy400_n25>,<0>,<3324>
<-38.759779,236.128967,5.115126>,<0.452984,0.820615,0.348420,0.000000,-0.800617,0.546371,-0.245949,0.000000,-0.392196,-0.167540,0.904496,0.000000,0.000000,0.000000,0.000000,1.000000>,<17.677670>,<iy400_n25>,<0>,<2909>
<397.740010,455.021151,2.334815>,<0.814003,0.451457,0.365495,0.000000,0.526190,-0.839613,-0.134807,0.000000,0.246015,0.302053,-0.921000,0.000000,0.000000,0.000000,0.000000,1.000000>,<17.677670>,<iy400_n25>,<0>,<3767>
<-433.012088,-338.963485,-1.010159>,<0.029183,-0.259625,-0.965268,0.000000,0.412239,-0.876605,0.248241,0.000000,-0.910608,-0.405166,0.081446,0.000000,0.000000,0.000000,0.000000,1.000000>,<17.677670>,<iy400_n25>,<0>,<775>
<164.299172,471.826835,5.296153>,<0.273466,0.346198,0.897420,0.000000,0.094899,0.918722,-0.383333,0.000000,-0.957189,0.189993,0.218386,0.000000,0.000000,0.000000,0.000000,1.000000>,<17.677670>,<iy400_n25>,<0>,<3817>
<140.765665,-84.297093,2.896447>,<-0.269984,0.324035,-0.906703,0.000000,0.958274,0.182271,-0.220200,0.000000,0.093913,-0.928320,-0.359725,0.000000,0.000000,0.000000,0.000000,1.000000>,<17.677670>,<iy400_n25>,<0>,<1768>
<-468.567462,-337.665380,5.881534>,<0.331599,-0.288893,0.898100,0.000000,0.779988,-0.451570,-0.433247,0.000000,0.530717,0.844171,0.075593,0.000000,0.000000,0.000000,0.000000,1.000000>,<17.677670>,<iy400_n25>,<0>,<773>
<1.642891,-375.807736,-12.788274>,<0.855688,-0.229843,-0.463648,0.000000,-0.515031,-0.290986,-0.806269,0.000000,0.050400,0.928708,-0.367370,0.000000,0.000000,0.000000,0.000000,1.000000>,<17.677670>,<iy400_n25>,<0>,<672>
<-44.833708,-281.355792,-10.384857>,<0.869488,-0.359020,-0.339256,0.000000,-0.283976,0.198646,-0.938029,0.000000,0.404163,0.911945,0.070767,0.000000,0.000000,0.000000,0.000000,1.000000>,<17.677670>,<iy400_n25>,<0>,<989>
<118.486818,-151.876463,7.997887>,<0.398506,-0.731544,-0.553205,0.000000,0.185635,0.655018,-0.732455,0.000000,0.898183,0.189193,0.396829,0.000000,0.000000,0.000000,0.000000,1.000000>,<17.677670>,<iy400_n25>,<0>,<1511>
<-156.971155,216.170536,-5.883416>,<0.747751,-0.127618,-0.651600,0.000000,-0.199223,-0.979262,-0.036829,0.000000,-0.633387,0.157352,-0.757668,0.000000,0.000000,0.000000,0.000000,1.000000>,<17.677670>,<iy400_n25>,<0>,<2839>
<39.394571,-469.616975,9.800100>,<0.890086,-0.435709,0.133806,0.000000,-0.378009,-0.541635,0.750827,0.000000,-0.254668,-0.718881,-0.646804,0.000000,0.000000,0.000000,0.000000,1.000000>,<17.677670>,<iy400_n25>,<0>,<354>
<-105.359221,233.168607,-0.840136>,<-0.716211,-0.229447,0.659087,0.000000,-0.328958,-0.721916,-0.608790,0.000000,0.615490,-0.652834,0.441566,0.000000,0.000000,0.000000,0.000000,1.000000>,<17.677670>,<iy400_n25>,<0>,<2906>
<-357.432053,-293.611525,-11.711734>,<0.728528,-0.649937,-0.216398,0.000000,-0.570103,-0.750405,0.334477,0.000000,-0.379775,-0.120306,-0.917222,0.000000,0.000000,0.000000,0.000000,1.000000>,<17.677670>,<iy400_n25>,<0>,<971>
<94.510748,-40.727950,-5.984253>,<0.820582,0.113521,-0.560141,0.000000,-0.260415,-0.798158,-0.543256,0.000000,-0.508752,0.591656,-0.625392,0.000000,0.000000,0.000000,0.000000,1.000000>,<17.677670>,<iy400_n25>,<0>,<1957>
<-477.559885,434.442811,-6.461400>,<-0.429274,-0.196006,0.881649,0.000000,0.518228,-0.852941,0.062701,0.000000,0.739705,0.483811,0.467721,0.000000,0.000000,0.000000,0.000000,1.000000>,<17.677670>,<iy400_n25>,<0>,<3652>
<24.446272,451.549391,1.505972>,<0.733407,0.483662,-0.477687,0.000000,0.331528,0.358983,0.872479,0.000000,0.593467,-0.798249,0.102933,0.000000,0.000000,0.000000,0.000000,1.000000>,<17.677670>,<iy400_n25>,<0>,<3745>
<329.905450,-13.501817,4.396498>,<-0.728150,-0.543640,0.417436,0.000000,0.613779,-0.246093,0.750143,0.000000,-0.305080,0.802430,0.512867,0.000000,0.000000,0.000000,0.000000,1.000000>,<17.677670>,<iy400_n25>,<0>,<2035>
<231.774051,281.255515,-5.219757>,<0.888129,0.458674,0.029067,0.000000,-0.436278,0.861273,-0.260520,0.000000,-0.144528,0.218694,0.965031,0.000000,0.000000,0.000000,0.000000,1.000000>,<17.677670>,<iy400_n25>,<0>,<3117>
<-326.785356,113.402406,-2.443308>,<0.945689,0.269961,-0.181088,0.000000,0.033728,0.472580,0.880642,0.000000,0.323318,-0.838922,0.437808,0.000000,0.000000,0.000000,0.000000,1.000000>,<17.677670>,<iy400_n25>,<0>,<2445>
<-357.253227,-365.032277,-4.518126>,<-0.343189,-0.889857,-0.300625,0.000000,0.307864,0.195812,-0.931062,0.000000,0.887379,-0.412082,0.206755,0.000000,0.000000,0.000000,0.000000,1.000000>,<17.677670>,<iy400_n25>,<0>,<651>
<409.996223,-424.620511,-0.604449>,<-0.764623,-0.416865,0.491502,0.000000,0.638129,-0.382927,0.667951,0.000000,-0.090236,0.824373,0.558809,0.000000,0.000000,0.000000,0.000000,1.000000>,<17.677670>,<iy400_n25>,<0>,<503>
<80.024048,-461.573230,-1.703126>,<0.003920,0.863988,-0.503498,0.000000,-0.237318,0.489921,0.838843,0.000000,0.971424,0.116200,0.206960,0.000000,0.000000,0.000000,0.000000,1.000000>,<17.677670>,<iy400_n25>,<0>,<356>
<302.682532,363.050726,-7.361470>,<0.691714,0.093985,0.716030,0.000000,0.510314,-0.765169,-0.392550,0.000000,0.510990,0.636933,-0.577240,0.000000,0.000000,0.000000,0.000000,1.000000>,<17.677670>,<iy400_n25>,<0>,<3441>
<35.424985,-400.194804,-13.317940>,<0.004208,0.831289,0.555825,0.000000,0.402079,-0.510326,0.760197,0.000000,0.915595,0.220286,-0.336391,0.000000,0.000000,0.000000,0.000000,1.000000>,<17.677670>,<iy400_n25>,<0>,<610>
<244.258964,-278.184206,-0.652473>,<-0.386806,0.036672,0.921432,0.000000,0.920913,0.067325,0.383909,0.000000,-0.047956,0.997057,-0.059813,0.000000,0.000000,0.000000,0.000000,1.000000>,<17.677670>,<iy400_n25>,<0>,<1070>
<210.716689,-48.026393,-7.130739>,<0.821815,-0.441777,-0.359797,0.000000,0.385898,0.896183,-0.218947,0.000000,0.419170,0.041089,0.906978,0.000000,0.000000,0.000000,0.000000,1.000000>,<17.677670>,<iy400_n25>,<0>,<1900>
<181.295342,38.920097,1.580414>,<-0.077034,-0.201291,-0.976498,0.000000,-0.615973,-0.760528,0.205365,0.000000,-0.783991,0.617317,-0.065403,0.000000,0.000000,0.000000,0.000000,1.000000>,<17.677670>,<iy400_n25>,<0>,<2218>
<-133.303679,-272.095435,-1.215790>,<0.551574,0.818718,0.159583,0.000000,0.831388,-0.555096,-0.025721,0.000000,0.067526,0.146863,-0.986849,0.000000,0.000000,0.000000,0.000000,1.000000>,<17.677670>,<iy400_n25>,<0>,<1048>
<-312.046359,182.562529,5.014958>,<0.444086,-0.857307,-0.260409,0.000000,-0.884816,-0.465366,0.023142,0.000000,-0.141025,0.220137,-0.965221,0.000000,0.000000,0.000000,0.000000,1.000000>,<17.677670>,<iy400_n25>,<0>,<2702>
<292.746186,-237.482457,-5.982068>,<-0.041338,0.745149,0.665615,0.000000,0.601064,-0.513611,0.612312,0.000000,0.798131,0.425389,-0.426650,0.000000,0.000000,0.000000,0.000000,1.000000>,<17.677670>,<iy400_n25>,<0>,<1201>
<387.068050,137.807498,-6.514395>,<0.176658,0.067687,-0.981942,0.000000,0.912966,0.361537,0.189170,0.000000,0.367812,-0.929898,0.002072,0.000000,0.000000,0.000000,0.000000,1.000000>,<17.677670>,<iy400_n25>,<0>,<2614>
<235.660629,123.904903,2.645462>,<0.627748,-0.008939,-0.778365,0.000000,0.764514,-0.181058,0.618657,0.000000,-0.146459,-0.983432,-0.106825,0.000000,0.000000,0.000000,0.000000,1.000000>,<17.677670>,<iy400_n25>,<0>,<2541>
<-28.233092,-320.251657,5.111131>,<-0.800832,-0.595274,0.065705,0.000000,0.442622,-0.662204,-0.604625,0.000000,0.403427,-0.455120,0.793796,0.000000,0.000000,0.000000,0.000000,1.000000>,<17.677670>,<iy400_n25>,<0>,<862>
<413.491059,272.739174,2.140273>,<-0.341700,0.504542,-0.792893,0.000000,0.587109,-0.544189,-0.599301,0.000000,-0.733856,-0.670295,-0.110272,0.000000,0.000000,0.000000,0.000000,1.000000>,<17.677670>,<iy400_n25>,<0>,<3064>
<385.153118,-501.066606,6.725476>,<0.971773,-0.158512,0.174734,0.000000,-0.233539,-0.541385,0.807689,0.000000,-0.033430,-0.825698,-0.563122,0.000000,0.000000,0.000000,0.000000,1.000000>,<17.677670>,<iy400_n25>,<0>,<246>
<-277.747519,-30.156794,5.763526>,<-0.718311,-0.321623,-0.616918,0.000000,0.206087,0.748569,-0.630216,0.000000,0.664498,-0.579830,-0.471423,0.000000,0.000000,0.000000,0.000000,1.000000>,<17.677670>,<iy400_n25>,<0>,<1936>
<110.271452,-288.080955,2.272635>,<-0.538738,0.527867,-0.656596,0.000000,0.396308,-0.528962,-0.750426,0.000000,-0.743439,-0.664497,0.075774,0.000000,0.000000,0.000000,0.000000,1.000000>,<17.677670>,<iy400_n25>,<0>,<998>
<-521.625809,-467.865055,-0.516628>,<-0.000714,0.900896,-0.434035,0.000000,-0.815142,-0.251944,-0.521601,0.000000,-0.579261,0.353428,0.734538,0.000000,0.000000,0.000000,0.000000,1.000000>,<17.677670>,<iy400_n25>,<0>,<322>
<17.239252,-394.992477,5.863975>,<-0.220311,-0.086413,-0.971594,0.000000,-0.913611,-0.330678,0.236574,0.000000,-0.341728,0.939779,-0.006096,0.000000,0.000000,0.000000,0.000000,1.000000>,<17.677670>,<iy400_n25>,<0>,<609>
<55.715017,-187.440756,7.406013>,<-0.556958,0.828253,0.061605,0.000000,0.225225,0.222014,-0.948675,0.000000,-0.799420,-0.514497,-0.310196,0.000000,0.000000,0.000000,0.000000,1.000000>,<17.677670>,<iy400_n25>,<0>,<1379>
