<-93.056799,-167.449381,91.571891>,<0.732284,-0.672548,-0.106956,0.000000,-0.680722,-0.718420,-0.143140,0.000000,0.019429,0.177627,-0.983906,0.000000,0.000000,0.000000,0.000000,1.000000>,<40.610000>,<ico2XSM>,<0>,<702>
<99.344070,-50.543110,70.761090>,<0.502193,-0.304688,-0.809301,0.000000,-0.710260,-0.679186,-0.185033,0.000000,-0.493288,0.667736,-0.557490,0.000000,0.000000,0.000000,0.000000,1.000000>,<26.920000>,<onemer1GAX_prot>,<0>,<637>
<27.912523,-7.103594,99.387753>,<-0.524842,-0.382176,-0.760580,0.000000,-0.802206,0.520856,0.291847,0.000000,0.284615,0.763315,-0.579951,0.000000,0.000000,0.000000,0.000000,1.000000>,<33.170000>,<monomer3PGK>,<0>,<745>
<87.569592,54.376553,88.714134>,<0.824012,-0.489745,0.284876,0.000000,-0.558046,-0.614649,0.557488,0.000000,-0.097928,-0.618350,-0.779778,0.000000,0.000000,0.000000,0.000000,1.000000>,<35.390000>,<onemer1GAX>,<0>,<767>
<64.503497,-69.469140,63.687511>,<-0.180291,0.775599,0.604931,0.000000,-0.258226,-0.630759,0.731753,0.000000,0.949112,-0.024281,0.314000,0.000000,0.000000,0.000000,0.000000,1.000000>,<31.110000>,<dimer7TIM>,<0>,<626>
<-109.660603,170.833164,-116.620010>,<0.850300,0.210382,0.482420,0.000000,0.222100,-0.974449,0.033488,0.000000,0.477138,0.078671,-0.875300,0.000000,0.000000,0.000000,0.000000,1.000000>,<50.550000>,<hexamer1TWT>,<0>,<191>
<-25.692006,115.702193,-47.767628>,<0.062927,-0.856679,-0.511997,0.000000,-0.694174,-0.406158,0.594271,0.000000,-0.717051,0.318019,-0.620243,0.000000,0.000000,0.000000,0.000000,1.000000>,<18.540000>,<onemer1TTT_rna>,<0>,<384>
<19.167766,24.886695,26.849747>,<0.886957,0.460756,0.031802,0.000000,-0.461853,0.884832,0.061355,0.000000,0.000130,-0.069107,0.997609,0.000000,0.000000,0.000000,0.000000,1.000000>,<39.010000>,<hexamer1EIY>,<0>,<555>
<108.269528,-50.261003,-11.448622>,<0.190228,-0.977994,0.085676,0.000000,0.978358,0.181612,-0.099164,0.000000,0.081422,0.102686,0.991376,0.000000,0.000000,0.000000,0.000000,1.000000>,<29.520000>,<tetramer3GPD>,<0>,<437>
<9.621367,94.165095,-159.681759>,<-0.786231,-0.519479,-0.334638,0.000000,-0.335924,-0.095217,0.937064,0.000000,-0.518648,0.849162,-0.099643,0.000000,0.000000,0.000000,0.000000,1.000000>,<27.770000>,<onemer1TTT>,<0>,<75>
<55.691420,54.529092,-48.344801>,<-0.353938,-0.087841,0.931135,0.000000,0.913514,0.181015,0.364316,0.000000,-0.200551,0.979550,0.016176,0.000000,0.000000,0.000000,0.000000,1.000000>,<36.650000>,<tetramer1PFK>,<0>,<366>
<25.234680,158.392338,-126.578068>,<-0.848929,-0.444536,0.285844,0.000000,-0.386904,0.891179,0.236866,0.000000,-0.360034,0.090488,-0.928541,0.000000,0.000000,0.000000,0.000000,1.000000>,<33.170000>,<monomer3PGK>,<0>,<195>
<-116.640401,88.177447,97.812794>,<0.231493,0.798281,0.556020,0.000000,0.685380,-0.539445,0.489135,0.000000,0.690409,0.267854,-0.672004,0.000000,0.000000,0.000000,0.000000,1.000000>,<35.390000>,<onemer1GAX>,<0>,<771>
<-81.602140,-104.405272,-48.891203>,<0.810224,0.099982,0.577530,0.000000,-0.389810,0.827757,0.403567,0.000000,-0.437705,-0.552107,0.709642,0.000000,0.000000,0.000000,0.000000,1.000000>,<38.470000>,<tetramer1A49>,<0>,<312>
<172.450944,-17.726964,-80.363670>,<0.553700,0.205662,-0.806920,0.000000,0.783803,0.198501,0.588430,0.000000,0.281192,-0.958280,-0.051289,0.000000,0.000000,0.000000,0.000000,1.000000>,<24.280000>,<onemer1TTT_prot>,<0>,<249>
<182.728929,57.509696,-76.529845>,<0.969869,-0.171851,-0.172690,0.000000,0.224721,0.904819,0.361668,0.000000,0.094100,-0.389577,0.916174,0.000000,0.000000,0.000000,0.000000,1.000000>,<31.110000>,<dimer7TIM>,<0>,<269>
<156.217811,-128.029099,39.866172>,<0.016354,0.544332,-0.838710,0.000000,0.908989,0.341322,0.239246,0.000000,0.416499,-0.766291,-0.489210,0.000000,0.000000,0.000000,0.000000,1.000000>,<26.920000>,<onemer1GAX_prot>,<0>,<519>
<-2.628282,-8.799557,126.106253>,<0.954312,-0.298422,0.015224,0.000000,0.072547,0.181969,-0.980624,0.000000,0.289870,0.936927,0.195305,0.000000,0.000000,0.000000,0.000000,1.000000>,<27.770000>,<onemer1TTT>,<0>,<844>
<68.152165,87.965632,72.679251>,<0.274553,-0.071050,-0.958943,0.000000,-0.698134,0.671051,-0.249601,0.000000,0.661234,0.737999,0.134637,0.000000,0.000000,0.000000,0.000000,1.000000>,<18.540000>,<onemer1TTT_rna>,<0>,<676>
<162.661600,-87.154434,35.138305>,<-0.821898,0.545771,0.163147,0.000000,-0.429447,-0.781837,0.452002,0.000000,0.374244,0.301437,0.876971,0.000000,0.000000,0.000000,0.000000,1.000000>,<20.760000>,<onemer1GAX_rna>,<0>,<629>
<-98.827886,30.000728,66.601714>,<-0.889652,0.139357,-0.434856,0.000000,-0.405812,-0.677913,0.612985,0.000000,-0.209371,0.721813,0.659659,0.000000,0.000000,0.000000,0.000000,1.000000>,<36.700000>,<monomer1CZA>,<0>,<652>
<-2.250499,-117.243171,58.541754>,<0.062322,0.825454,-0.561018,0.000000,0.994286,-0.100160,-0.036917,0.000000,-0.086665,-0.555512,-0.826980,0.000000,0.000000,0.000000,0.000000,1.000000>,<36.700000>,<monomer1CZA>,<0>,<614>
<-43.956275,49.536276,-39.024345>,<-0.657754,-0.739828,0.141467,0.000000,0.112480,0.089233,0.989639,0.000000,-0.744787,0.666852,0.024523,0.000000,0.000000,0.000000,0.000000,1.000000>,<31.040000>,<tetramer1ASY>,<0>,<363>
<24.192567,-123.235592,-149.974654>,<-0.035068,-0.805162,0.592017,0.000000,-0.667615,0.459686,0.585643,0.000000,-0.743680,-0.374702,-0.553659,0.000000,0.000000,0.000000,0.000000,1.000000>,<50.550000>,<hexamer1TWT>,<0>,<15>
