{
    "Plane_innerRecipe": {},
    "Plane_surfaceRecipe": {
        "Ves203MeshsParent": {
            "compNum": 1,
            "results": [
                [
                    [
                        36.792730262885499,
                        -43.890662360417991,
                        421.02674549790385
                    ],
                    [
                        [
                            -0.92954373359680176,
                            -0.35657232999801636,
                            0.093833126127719879,
                            0.0
                        ],
                        [
                            -0.08429265022277832,
                            -0.042239487171173096,
                            -0.99554538726806641,
                            0.0
                        ],
                        [
                            0.35894739627838135,
                            -0.93331235647201538,
                            0.009207017719745636,
                            0.0
                        ],
                        [
                            0.0,
                            0.0,
                            0.0,
                            1.0
                        ]
                    ]
                ],
                [
                    [
                        210.38682205761023,
                        8.1645400181799523,
                        223.68405919968944
                    ],
                    [
                        [
                            -0.96456062793731689,
                            -0.24860797822475433,
                            -0.088413193821907043,
                            0.0
                        ],
                        [
                            0.011465072631835938,
                            0.29526954889297485,
                            -0.9553452730178833,
                            0.0
                        ],
                        [
                            0.26361215114593506,
                            -0.92250204086303711,
                            -0.2819550633430481,
                            0.0
                        ],
                        [
                            0.0,
                            0.0,
                            0.0,
                            1.0
                        ]
                    ]
                ],
                [
                    [
                        -20.816268944552675,
                        49.540863069567379,
                        -13.173837305778942
                    ],
                    [
                        [
                            -0.49247726798057556,
                            0.86977869272232056,
                            0.030841004103422165,
                            0.0
                        ],
                        [
                            0.075974836945533752,
                            0.078264579176902771,
                            -0.99403339624404907,
                            0.0
                        ],
                        [
                            -0.86700284481048584,
                            -0.48719573020935059,
                            -0.10462482273578644,
                            0.0
                        ],
                        [
                            0.0,
                            0.0,
                            0.0,
                            1.0
                        ]
                    ]
                ]
            ],
            "encapsulatingRadius": -1.0
        },
        "CoarseMS_4av3": {
            "compNum": 1,
            "results": [
                [
                    [
                        152.50652722959001,
                        49.487788217092032,
                        -13.181689858414291
                    ],
                    [
                        [
                            0.36466559767723083,
                            0.93103855848312378,
                            0.013646713458001614,
                            0.0
                        ],
                        [
                            0.057408317923545837,
                            -0.0078525766730308533,
                            -0.99831986427307129,
                            0.0
                        ],
                        [
                            -0.9293670654296875,
                            0.36483633518218994,
                            -0.056312922388315201,
                            0.0
                        ],
                        [
                            0.0,
                            0.0,
                            0.0,
                            1.0
                        ]
                    ]
                ]
            ],
            "encapsulatingRadius": 45.0
        }
    },
    "exteriorRecipe": {}
}