<71.422855,25.785793,418.729576>,<-0.020988,-0.569885,-0.821456,0.000000,0.781551,0.503042,-0.368954,0.000000,0.623488,-0.649754,0.434836,0.000000,0.000000,0.000000,0.000000,1.000000>,<26.870000>,<Ves203MeshsParent>,<1>,<341>
<71.534612,-102.266127,-217.365082>,<-0.315198,-0.224464,-0.922099,0.000000,0.367104,0.867152,-0.336574,0.000000,0.875148,-0.444594,-0.190923,0.000000,0.000000,0.000000,0.000000,1.000000>,<26.870000>,<Ves203MeshsParent>,<1>,<712>
<41.563533,45.335125,-340.769196>,<-0.196252,0.453589,-0.869334,0.000000,0.925107,-0.208254,-0.317502,0.000000,-0.325058,-0.866537,-0.378748,0.000000,0.000000,0.000000,0.000000,1.000000>,<45.000000>,<CoarseMS_4av3>,<1>,<432>
<50.729303,-29.999999,295.695680>,<0.256381,-0.410510,-0.875072,0.000000,0.073782,0.911002,-0.405749,0.000000,0.963756,0.039461,0.263852,0.000000,0.000000,0.000000,0.000000,1.000000>,<45.000000>,<CoarseMS_4av3>,<1>,<476>
