<449.568787,246.448760,-5.073570>,<-0.402677,-0.898875,0.172842,0.000000,0.153542,0.119821,0.980851,0.000000,-0.902372,0.421504,0.089766,0.000000,0.000000,0.000000,0.000000,1.000000>,<50.000000>,<i200_n50>,<0>,<2549>
<-223.196534,-211.442167,0.372495>,<0.892170,-0.444861,-0.078308,0.000000,-0.172481,-0.175288,-0.969291,0.000000,0.417473,0.878278,-0.233117,0.000000,0.000000,0.000000,0.000000,1.000000>,<50.000000>,<i200_n50>,<0>,<1002>
<329.882497,-7.620477,-3.015004>,<-0.927804,0.304510,0.215529,0.000000,0.154385,0.839325,-0.521247,0.000000,-0.339624,-0.450340,-0.825741,0.000000,0.000000,0.000000,0.000000,1.000000>,<25.000000>,<ix400_n25>,<0>,<1672>
<-467.672714,473.532094,-9.516418>,<-0.918833,0.205657,-0.336825,0.000000,-0.392592,-0.563299,0.727025,0.000000,-0.040216,0.800250,0.598317,0.000000,0.000000,0.000000,0.000000,1.000000>,<25.000000>,<ix400_n25>,<0>,<3250>
<-321.298550,223.405958,-2.541644>,<0.398318,0.844747,0.357415,0.000000,-0.814744,0.504836,-0.285189,0.000000,-0.421348,-0.177606,0.889338,0.000000,0.000000,0.000000,0.000000,1.000000>,<200.000000>,<i5_n200>,<0>,<2446>
<141.219554,-195.527401,-6.598587>,<-0.367061,-0.465045,-0.805605,0.000000,0.666958,0.472122,-0.576426,0.000000,0.648408,-0.748889,0.136868,0.000000,0.000000,0.000000,0.000000,1.000000>,<200.000000>,<i5_n200>,<0>,<1023>
<296.206957,460.746987,-1.221630>,<0.540828,0.172778,0.823197,0.000000,-0.797116,0.417723,0.436019,0.000000,-0.268534,-0.891995,0.363641,0.000000,0.000000,0.000000,0.000000,1.000000>,<200.000000>,<i5_n200>,<0>,<3236>
<261.874021,161.207636,-6.458371>,<0.256306,-0.512540,0.819518,0.000000,0.827104,-0.322457,-0.460348,0.000000,0.500206,0.795817,0.341276,0.000000,0.000000,0.000000,0.000000,1.000000>,<100.000000>,<i10_n100>,<0>,<2248>
<23.220242,316.274328,-5.656226>,<-0.775902,-0.226623,-0.588743,0.000000,-0.300394,0.953377,0.028907,0.000000,0.554743,0.199284,-0.807803,0.000000,0.000000,0.000000,0.000000,1.000000>,<100.000000>,<i10_n100>,<0>,<2756>
<-53.828685,415.432015,-4.149000>,<0.882675,-0.424100,0.202543,0.000000,-0.345867,-0.877947,-0.331036,0.000000,0.318214,0.222144,-0.921624,0.000000,0.000000,0.000000,0.000000,1.000000>,<25.000000>,<iy400_n25>,<0>,<3100>
<-121.472225,-429.642623,2.186001>,<-0.716163,0.148598,-0.681931,0.000000,0.696730,0.094868,-0.711033,0.000000,-0.040964,-0.984337,-0.171474,0.000000,0.000000,0.000000,0.000000,1.000000>,<100.000000>,<i10_n100>,<0>,<254>
<-415.328678,-187.944148,-0.060218>,<-0.464575,0.812209,-0.352826,0.000000,0.666391,0.583050,0.464732,0.000000,0.583175,-0.019217,-0.812119,0.000000,0.000000,0.000000,0.000000,1.000000>,<100.000000>,<i10_n100>,<0>,<1049>
<-249.390422,-41.490550,-6.585148>,<-0.228769,-0.667991,0.708134,0.000000,0.398388,-0.727963,-0.557993,0.000000,0.888230,0.154461,0.432654,0.000000,0.000000,0.000000,0.000000,1.000000>,<25.000000>,<ix400_n25>,<0>,<1523>
<451.625464,-434.190090,2.807028>,<0.608605,0.785180,-0.114421,0.000000,0.782844,-0.617700,-0.074843,0.000000,-0.129444,-0.044024,-0.990609,0.000000,0.000000,0.000000,0.000000,1.000000>,<100.000000>,<i10_n100>,<0>,<287>
<-161.699150,-199.919300,-2.339216>,<0.183984,-0.066142,0.980701,0.000000,0.842159,0.525113,-0.122577,0.000000,-0.506871,0.848458,0.152315,0.000000,0.000000,0.000000,0.000000,1.000000>,<25.000000>,<ix400_n25>,<0>,<1006>
<-438.002744,-482.915516,0.001682>,<-0.576760,0.566287,-0.588784,0.000000,-0.384108,-0.824089,-0.416339,0.000000,-0.720978,-0.013971,0.692817,0.000000,0.000000,0.000000,0.000000,1.000000>,<200.000000>,<i5_n200>,<0>,<61>
<-83.988778,-7.735589,1.853930>,<0.342880,0.384809,-0.856946,0.000000,-0.375664,0.892295,0.250372,0.000000,0.860994,0.236076,0.450509,0.000000,0.000000,0.000000,0.000000,1.000000>,<100.000000>,<i10_n100>,<0>,<1648>
<108.349544,89.730912,-2.397115>,<0.773716,-0.609441,-0.173045,0.000000,-0.574744,-0.790136,0.212966,0.000000,-0.266520,-0.065318,-0.961614,0.000000,0.000000,0.000000,0.000000,1.000000>,<50.000000>,<i200_n50>,<0>,<2007>
<201.309489,-504.420656,-7.142311>,<0.796621,-0.597288,-0.092959,0.000000,-0.388595,-0.623820,0.678116,0.000000,-0.463021,-0.504078,-0.729052,0.000000,0.000000,0.000000,0.000000,1.000000>,<50.000000>,<i200_n50>,<0>,<41>
<485.818867,-210.178538,-4.151834>,<-0.052085,0.364281,-0.929831,0.000000,-0.892409,0.400916,0.207056,0.000000,0.448211,0.840575,0.304207,0.000000,0.000000,0.000000,0.000000,1.000000>,<100.000000>,<i10_n100>,<0>,<1043>
<471.164130,2.144876,10.858186>,<0.409110,-0.661322,-0.628715,0.000000,0.873565,0.084771,0.479268,0.000000,-0.263654,-0.745297,0.612388,0.000000,0.000000,0.000000,0.000000,1.000000>,<100.000000>,<i10_n100>,<0>,<1738>
<-262.114017,-113.283390,4.809373>,<0.853948,0.034230,-0.519231,0.000000,0.415702,0.555315,0.720289,0.000000,0.312992,-0.830935,0.459981,0.000000,0.000000,0.000000,0.000000,1.000000>,<25.000000>,<ix400_n25>,<0>,<1290>
<-162.153951,488.790544,-0.824699>,<-0.093590,0.805642,0.584963,0.000000,-0.672849,-0.484241,0.559271,0.000000,0.733836,-0.341250,0.587395,0.000000,0.000000,0.000000,0.000000,1.000000>,<100.000000>,<i10_n100>,<0>,<3326>
<-34.220138,472.807673,-4.491206>,<0.056083,0.698589,0.713322,0.000000,0.970387,0.129989,-0.203598,0.000000,-0.234955,0.703616,-0.670612,0.000000,0.000000,0.000000,0.000000,1.000000>,<25.000000>,<iy400_n25>,<0>,<3275>
<-398.855597,-37.274915,2.631778>,<-0.717202,0.287537,0.634779,0.000000,0.552359,-0.320815,0.769401,0.000000,0.424878,0.902441,0.071266,0.000000,0.000000,0.000000,0.000000,1.000000>,<50.000000>,<i200_n50>,<0>,<1572>
<222.110524,-406.688972,-0.533819>,<-0.807529,-0.548048,0.218039,0.000000,-0.499291,0.438348,-0.747368,0.000000,0.314016,-0.712386,-0.627614,0.000000,0.000000,0.000000,0.000000,1.000000>,<25.000000>,<iy400_n25>,<0>,<332>
<-130.498552,-275.540924,0.680624>,<-0.681167,-0.650708,0.335547,0.000000,-0.732044,0.598378,-0.325662,0.000000,0.011127,-0.467465,-0.883942,0.000000,0.000000,0.000000,0.000000,1.000000>,<50.000000>,<i200_n50>,<0>,<775>
<26.010618,153.943932,-2.433114>,<0.409179,-0.610350,-0.678266,0.000000,-0.214548,-0.786859,0.578638,0.000000,-0.886872,-0.091246,-0.452916,0.000000,0.000000,0.000000,0.000000,1.000000>,<50.000000>,<i200_n50>,<0>,<2234>
<-300.706921,-8.653701,-0.523208>,<0.151006,-0.224775,0.962639,0.000000,0.871076,-0.430139,-0.237080,0.000000,0.467358,0.874332,0.130843,0.000000,0.000000,0.000000,0.000000,1.000000>,<25.000000>,<ix400_n25>,<0>,<1636>
<-218.325688,-309.851798,-2.203509>,<0.504893,0.719963,0.476169,0.000000,-0.712081,0.035609,0.701194,0.000000,0.487877,-0.693099,0.530651,0.000000,0.000000,0.000000,0.000000,1.000000>,<50.000000>,<i200_n50>,<0>,<654>
<-503.534167,409.035767,-0.376009>,<-0.922707,-0.129848,0.362977,0.000000,0.091386,-0.988404,-0.121272,0.000000,0.374514,-0.078728,0.923873,0.000000,0.000000,0.000000,0.000000,1.000000>,<50.000000>,<i200_n50>,<0>,<3016>
<59.035138,-478.253137,2.057187>,<-0.318966,0.118979,-0.940268,0.000000,-0.401212,-0.915762,0.020225,0.000000,-0.858656,0.383698,0.339833,0.000000,0.000000,0.000000,0.000000,1.000000>,<25.000000>,<iy400_n25>,<0>,<90>
<120.937187,-479.930661,-4.093035>,<-0.436972,0.852099,-0.288069,0.000000,-0.897100,-0.436121,0.070781,0.000000,-0.065320,0.289356,0.954990,0.000000,0.000000,0.000000,0.000000,1.000000>,<25.000000>,<ix400_n25>,<0>,<94>
<294.900608,-471.830513,-1.353322>,<-0.173399,0.763139,-0.622537,0.000000,-0.892536,-0.388969,-0.228215,0.000000,-0.416307,0.516064,0.748576,0.000000,0.000000,0.000000,0.000000,1.000000>,<50.000000>,<i200_n50>,<0>,<162>
<-361.590728,488.126045,6.081639>,<-0.687046,-0.153055,-0.710311,0.000000,-0.232598,0.972450,0.015440,0.000000,0.688379,0.175825,-0.703718,0.000000,0.000000,0.000000,0.000000,1.000000>,<50.000000>,<i200_n50>,<0>,<3314>
<-99.863052,-177.854701,-3.798551>,<0.952583,-0.263825,-0.151597,0.000000,-0.241834,-0.958807,0.149017,0.000000,-0.184666,-0.105290,-0.977145,0.000000,0.000000,0.000000,0.000000,1.000000>,<50.000000>,<i200_n50>,<0>,<1125>
<42.261298,490.965262,-0.921908>,<-0.224343,-0.796362,0.561674,0.000000,-0.472441,0.592982,0.652051,0.000000,-0.852332,-0.119075,-0.509266,0.000000,0.000000,0.000000,0.000000,1.000000>,<50.000000>,<i200_n50>,<0>,<3337>
<-85.690282,145.800455,-0.408523>,<-0.771390,0.636160,0.016032,0.000000,0.477351,0.561795,0.675665,0.000000,0.420825,0.528854,-0.737034,0.000000,0.000000,0.000000,0.000000,1.000000>,<50.000000>,<i200_n50>,<0>,<2170>
<-498.587646,41.061730,1.469051>,<0.320812,0.569844,0.756543,0.000000,-0.818741,-0.234729,0.523990,0.000000,0.476176,-0.787515,0.391251,0.000000,0.000000,0.000000,0.000000,1.000000>,<50.000000>,<i200_n50>,<0>,<1798>
<409.257442,181.955719,3.300129>,<-0.583551,-0.744586,0.324128,0.000000,-0.735707,0.653717,0.177169,0.000000,-0.343806,-0.135076,-0.929275,0.000000,0.000000,0.000000,0.000000,1.000000>,<25.000000>,<iy400_n25>,<0>,<2314>
<262.391790,17.290475,4.247942>,<0.494799,-0.700081,-0.514840,0.000000,-0.555266,0.201029,-0.807011,0.000000,0.668471,0.685181,-0.289262,0.000000,0.000000,0.000000,0.000000,1.000000>,<50.000000>,<i200_n50>,<0>,<1784>
<379.996067,-308.115047,1.662806>,<-0.911590,0.409053,-0.040974,0.000000,-0.393558,-0.897150,-0.200583,0.000000,-0.118808,-0.166724,0.978820,0.000000,0.000000,0.000000,0.000000,1.000000>,<50.000000>,<i200_n50>,<0>,<689>
<-215.226535,-101.932533,-6.377000>,<0.610589,0.603621,0.512662,0.000000,0.709819,-0.130058,-0.692273,0.000000,-0.351195,0.786592,-0.507874,0.000000,0.000000,0.000000,0.000000,1.000000>,<25.000000>,<ix400_n25>,<0>,<1351>
<-309.564173,-291.476991,-14.221060>,<-0.268534,0.437566,0.858152,0.000000,-0.952335,0.013258,-0.304766,0.000000,-0.144733,-0.899088,0.413149,0.000000,0.000000,0.000000,0.000000,1.000000>,<25.000000>,<ix400_n25>,<0>,<707>
<447.742837,306.150308,0.388043>,<0.348769,0.911007,0.220059,0.000000,-0.922037,0.375608,-0.093629,0.000000,-0.167953,-0.170248,0.970983,0.000000,0.000000,0.000000,0.000000,1.000000>,<25.000000>,<ix400_n25>,<0>,<2781>
<364.206193,-169.766432,-0.083823>,<-0.084710,0.995212,0.048755,0.000000,-0.881113,-0.097666,0.462712,0.000000,0.465258,-0.003763,0.885167,0.000000,0.000000,0.000000,0.000000,1.000000>,<25.000000>,<iy400_n25>,<0>,<1152>
<40.425074,72.439802,-5.652723>,<-0.527644,-0.130340,0.839407,0.000000,-0.643319,0.706621,-0.294664,0.000000,-0.554736,-0.695484,-0.456694,0.000000,0.000000,0.000000,0.000000,1.000000>,<25.000000>,<iy400_n25>,<0>,<1945>
<-3.936324,-360.132936,-1.716094>,<-0.969376,0.196311,0.147557,0.000000,0.190732,0.223327,0.955901,0.000000,0.154700,0.954771,-0.253930,0.000000,0.000000,0.000000,0.000000,1.000000>,<25.000000>,<ix400_n25>,<0>,<493>
<367.999291,89.460044,-2.777882>,<0.988269,-0.013032,0.152167,0.000000,-0.074027,-0.912358,0.402645,0.000000,0.133584,-0.409186,-0.902619,0.000000,0.000000,0.000000,0.000000,1.000000>,<25.000000>,<ix400_n25>,<0>,<2022>
<-93.712068,292.187084,-3.946274>,<-0.609002,-0.004560,0.793155,0.000000,0.643186,-0.588004,0.490472,0.000000,0.464142,0.808845,0.361029,0.000000,0.000000,0.000000,0.000000,1.000000>,<25.000000>,<ix400_n25>,<0>,<2691>
<-212.997055,-46.735096,6.788153>,<-0.909069,0.414216,-0.044919,0.000000,-0.288203,-0.703017,-0.650159,0.000000,-0.300885,-0.578094,0.758470,0.000000,0.000000,0.000000,0.000000,1.000000>,<25.000000>,<ix400_n25>,<0>,<1525>
<375.709550,212.334504,0.710434>,<-0.373727,0.544119,-0.751174,0.000000,-0.074390,0.789665,0.609011,0.000000,0.924551,0.283484,-0.254642,0.000000,0.000000,0.000000,0.000000,1.000000>,<25.000000>,<iy400_n25>,<0>,<2429>
<-97.338833,242.949292,5.799584>,<0.694372,-0.640863,-0.327326,0.000000,-0.013155,-0.466090,0.884640,0.000000,-0.719496,-0.609963,-0.332070,0.000000,0.000000,0.000000,0.000000,1.000000>,<25.000000>,<ix400_n25>,<0>,<2517>
<-5.110373,90.797179,6.504042>,<-0.008099,-0.993878,-0.110186,0.000000,0.248962,0.104716,-0.962836,0.000000,0.968480,-0.035230,0.246589,0.000000,0.000000,0.000000,0.000000,1.000000>,<25.000000>,<ix400_n25>,<0>,<2000>
<96.557121,172.778511,-1.850269>,<0.347796,-0.819544,-0.455397,0.000000,-0.551369,-0.571636,0.607639,0.000000,-0.758308,0.039757,-0.650683,0.000000,0.000000,0.000000,0.000000,1.000000>,<25.000000>,<iy400_n25>,<0>,<2296>
<418.811718,-106.621251,2.235329>,<0.339841,-0.880868,0.329515,0.000000,0.939549,0.333594,-0.077219,0.000000,-0.041904,0.335837,0.940987,0.000000,0.000000,0.000000,0.000000,1.000000>,<25.000000>,<ix400_n25>,<0>,<1387>
<22.088305,427.830946,7.536146>,<-0.462681,0.788768,0.404687,0.000000,-0.238532,-0.550416,0.800090,0.000000,0.853832,0.273656,0.442813,0.000000,0.000000,0.000000,0.000000,1.000000>,<25.000000>,<ix400_n25>,<0>,<3162>
<342.401556,-80.698441,-1.805829>,<-0.052657,-0.935399,0.349651,0.000000,0.404736,-0.340080,-0.848843,0.000000,0.912916,0.096819,0.396497,0.000000,0.000000,0.000000,0.000000,1.000000>,<25.000000>,<iy400_n25>,<0>,<1441>
<282.167415,-405.756210,-2.968568>,<0.911427,0.121958,0.392973,0.000000,-0.395401,-0.004641,0.918497,0.000000,0.113842,-0.992524,0.043993,0.000000,0.000000,0.000000,0.000000,1.000000>,<25.000000>,<iy400_n25>,<0>,<335>
<-482.598751,-51.979927,6.843873>,<-0.646350,-0.425430,-0.633435,0.000000,-0.483150,0.870713,-0.091791,0.000000,0.590591,0.246715,-0.768332,0.000000,0.000000,0.000000,0.000000,1.000000>,<25.000000>,<ix400_n25>,<0>,<1509>
<-97.713935,371.881256,-7.167378>,<-0.174748,-0.423391,0.888934,0.000000,-0.939738,0.341172,-0.022238,0.000000,-0.293864,-0.839250,-0.457496,0.000000,0.000000,0.000000,0.000000,1.000000>,<25.000000>,<ix400_n25>,<0>,<2923>
<209.276474,54.028844,4.994752>,<0.915714,-0.190895,0.353592,0.000000,0.393941,0.252962,-0.883641,0.000000,0.079237,0.948456,0.306842,0.000000,0.000000,0.000000,0.000000,1.000000>,<25.000000>,<ix400_n25>,<0>,<1897>
<490.020648,160.232742,-2.072630>,<-0.948368,0.198345,-0.247502,0.000000,0.300748,0.314500,-0.900356,0.000000,-0.100742,-0.928304,-0.357914,0.000000,0.000000,0.000000,0.000000,1.000000>,<25.000000>,<ix400_n25>,<0>,<2261>
<324.965443,-374.300241,0.388939>,<0.951365,-0.242970,0.189396,0.000000,-0.095193,-0.816556,-0.569363,0.000000,0.292991,0.523642,-0.799972,0.000000,0.000000,0.000000,0.000000,1.000000>,<25.000000>,<iy400_n25>,<0>,<454>
<-464.055076,-14.973345,-13.604924>,<-0.634557,-0.757464,0.153577,0.000000,0.760303,-0.576088,0.300103,0.000000,-0.138844,0.307197,0.941463,0.000000,0.000000,0.000000,0.000000,1.000000>,<25.000000>,<iy400_n25>,<0>,<1626>
<-420.855250,455.358904,-6.750809>,<-0.034011,0.939208,-0.341660,0.000000,-0.950393,0.075365,0.301783,0.000000,0.309186,0.334975,0.890054,0.000000,0.000000,0.000000,0.000000,1.000000>,<25.000000>,<iy400_n25>,<0>,<3195>
<24.860972,-461.818306,9.571244>,<0.568225,0.095919,0.817263,0.000000,0.521972,-0.809809,-0.267871,0.000000,0.636133,0.578800,-0.510221,0.000000,0.000000,0.000000,0.000000,1.000000>,<25.000000>,<iy400_n25>,<0>,<146>
<-290.505911,-230.238277,-3.411129>,<-0.942190,-0.157453,0.295782,0.000000,0.025569,-0.913931,-0.405063,0.000000,0.334103,-0.374083,0.865122,0.000000,0.000000,0.000000,0.000000,1.000000>,<25.000000>,<ix400_n25>,<0>,<882>
<-236.737693,-393.494841,0.229246>,<0.845644,0.533242,0.023204,0.000000,-0.345528,0.513786,0.785261,0.000000,0.406812,-0.672069,0.618730,0.000000,0.000000,0.000000,0.000000,1.000000>,<25.000000>,<ix400_n25>,<0>,<363>
<-216.927045,6.551337,-0.471625>,<-0.091248,0.161764,0.982602,0.000000,-0.464561,-0.879684,0.101680,0.000000,0.880827,-0.447200,0.155419,0.000000,0.000000,0.000000,0.000000,1.000000>,<25.000000>,<iy400_n25>,<0>,<1698>
<127.220495,227.186225,-5.908715>,<0.202219,-0.757801,-0.620359,0.000000,-0.948084,0.007277,-0.317937,0.000000,0.245447,0.652446,-0.716987,0.000000,0.000000,0.000000,0.000000,1.000000>,<25.000000>,<ix400_n25>,<0>,<2472>
<143.544271,-416.204564,4.770790>,<-0.148410,0.988485,0.029528,0.000000,-0.951941,-0.134707,-0.275068,0.000000,-0.267923,-0.068932,0.960971,0.000000,0.000000,0.000000,0.000000,1.000000>,<25.000000>,<ix400_n25>,<0>,<327>
<373.619958,165.666206,-2.290899>,<-0.132161,-0.871738,-0.471812,0.000000,0.519776,-0.466245,0.715855,0.000000,-0.844018,-0.150628,0.514728,0.000000,0.000000,0.000000,0.000000,1.000000>,<25.000000>,<iy400_n25>,<0>,<2255>
<278.379057,-364.374656,-1.405725>,<0.885920,-0.290896,-0.361282,0.000000,-0.259711,-0.956448,0.133258,0.000000,-0.384312,-0.024227,-0.922886,0.000000,0.000000,0.000000,0.000000,1.000000>,<25.000000>,<ix400_n25>,<0>,<509>
<-296.044585,-47.989573,1.280646>,<-0.655324,0.292695,-0.696333,0.000000,-0.146939,-0.953658,-0.262573,0.000000,-0.740918,-0.069752,0.667963,0.000000,0.000000,0.000000,0.000000,1.000000>,<25.000000>,<ix400_n25>,<0>,<1520>
<307.023516,-49.647893,0.448451>,<-0.413990,-0.874459,0.252851,0.000000,-0.879993,0.455523,0.134577,0.000000,-0.232861,-0.166794,-0.958100,0.000000,0.000000,0.000000,0.000000,1.000000>,<25.000000>,<ix400_n25>,<0>,<1555>
<-169.309126,-90.944900,0.393370>,<-0.086281,0.531080,0.842917,0.000000,0.994808,0.000100,0.101766,0.000000,0.053962,0.847322,-0.528332,0.000000,0.000000,0.000000,0.000000,1.000000>,<25.000000>,<ix400_n25>,<0>,<1411>
<143.852815,286.065349,0.953052>,<-0.979323,0.140708,-0.145353,0.000000,0.142200,0.989838,0.000122,0.000000,0.143893,-0.020550,-0.989380,0.000000,0.000000,0.000000,0.000000,1.000000>,<25.000000>,<iy400_n25>,<0>,<2647>
<492.593111,290.044404,10.014328>,<-0.597642,-0.699459,0.391894,0.000000,0.658804,-0.706993,-0.257172,0.000000,0.456948,0.104485,0.883336,0.000000,0.000000,0.000000,0.000000,1.000000>,<25.000000>,<ix400_n25>,<0>,<2725>
<-58.716194,210.613537,-10.691935>,<0.153826,-0.982967,0.100568,0.000000,0.064340,-0.091599,-0.993715,0.000000,0.986001,0.159330,0.049154,0.000000,0.000000,0.000000,0.000000,1.000000>,<25.000000>,<ix400_n25>,<0>,<2403>
<-175.311021,68.094662,6.550888>,<0.459367,0.356596,0.813524,0.000000,-0.254044,0.930363,-0.264361,0.000000,-0.851142,-0.085232,0.517969,0.000000,0.000000,0.000000,0.000000,1.000000>,<25.000000>,<iy400_n25>,<0>,<1933>
<46.226525,-396.274964,-6.460154>,<-0.077270,-0.922828,-0.377384,0.000000,0.996796,-0.063662,-0.048420,0.000000,0.020659,-0.379916,0.924790,0.000000,0.000000,0.000000,0.000000,1.000000>,<25.000000>,<iy400_n25>,<0>,<380>
<32.309591,7.187843,5.471891>,<-0.309344,0.751064,-0.583274,0.000000,0.757706,0.565300,0.326063,0.000000,0.574619,-0.341085,-0.743958,0.000000,0.000000,0.000000,0.000000,1.000000>,<25.000000>,<iy400_n25>,<0>,<1771>
<-297.715682,-137.618444,2.415575>,<0.840765,0.252489,-0.478920,0.000000,-0.525971,0.171247,-0.833084,0.000000,-0.128331,0.952325,0.276780,0.000000,0.000000,0.000000,0.000000,1.000000>,<25.000000>,<ix400_n25>,<0>,<1230>
<-138.941214,99.157560,7.931939>,<-0.806881,0.320595,0.496147,0.000000,-0.205404,0.635226,-0.744511,0.000000,-0.553852,-0.702643,-0.446701,0.000000,0.000000,0.000000,0.000000,1.000000>,<25.000000>,<iy400_n25>,<0>,<2051>
<366.681420,-240.066711,-0.526749>,<-0.618041,0.613933,0.491030,0.000000,-0.757228,-0.632749,-0.161971,0.000000,0.211259,-0.471927,0.855952,0.000000,0.000000,0.000000,0.000000,1.000000>,<25.000000>,<iy400_n25>,<0>,<920>
<-144.563862,362.824455,0.396191>,<0.164406,0.714986,-0.679533,0.000000,-0.986295,0.109454,-0.123460,0.000000,-0.013895,0.690518,0.723182,0.000000,0.000000,0.000000,0.000000,1.000000>,<25.000000>,<iy400_n25>,<0>,<2921>
<-14.181942,-490.712333,-2.748762>,<-0.386398,0.313450,-0.867437,0.000000,-0.575778,-0.816693,-0.038634,0.000000,-0.720539,0.484523,0.496046,0.000000,0.000000,0.000000,0.000000,1.000000>,<25.000000>,<iy400_n25>,<0>,<86>
<332.164687,64.525728,-5.858888>,<0.208136,-0.649251,0.731541,0.000000,0.038686,-0.741871,-0.669426,0.000000,0.977335,0.167632,-0.129293,0.000000,0.000000,0.000000,0.000000,1.000000>,<25.000000>,<iy400_n25>,<0>,<1962>
<-275.258850,452.014669,-6.006394>,<0.787222,-0.481842,0.384851,0.000000,0.539057,0.840786,-0.049971,0.000000,-0.299499,0.246794,0.921625,0.000000,0.000000,0.000000,0.000000,1.000000>,<25.000000>,<iy400_n25>,<0>,<3203>
<74.659879,33.661564,5.828105>,<-0.457113,-0.755628,0.469120,0.000000,-0.872497,0.278601,-0.401412,0.000000,0.172621,-0.592796,-0.786635,0.000000,0.000000,0.000000,0.000000,1.000000>,<25.000000>,<iy400_n25>,<0>,<1831>
<-52.913181,-329.288496,3.402177>,<-0.777922,-0.595056,0.201854,0.000000,0.466352,-0.762049,-0.449217,0.000000,0.421132,-0.255321,0.870321,0.000000,0.000000,0.000000,0.000000,1.000000>,<25.000000>,<iy400_n25>,<0>,<606>
<-284.876081,-327.428113,-7.616434>,<-0.841284,-0.532412,-0.093695,0.000000,-0.466759,0.802824,-0.370959,0.000000,0.272724,-0.268348,-0.923911,0.000000,0.000000,0.000000,0.000000,1.000000>,<25.000000>,<iy400_n25>,<0>,<592>
<-335.518639,0.247162,-8.044327>,<0.179923,-0.229458,0.956544,0.000000,-0.977655,-0.149181,0.148108,0.000000,0.108714,-0.961818,-0.251172,0.000000,0.000000,0.000000,0.000000,1.000000>,<25.000000>,<iy400_n25>,<0>,<1691>
<141.226493,180.490045,-2.639602>,<-0.564326,0.679118,0.469398,0.000000,0.458828,-0.214673,0.862202,0.000000,0.686305,0.701936,-0.190453,0.000000,0.000000,0.000000,0.000000,1.000000>,<25.000000>,<iy400_n25>,<0>,<2299>
<-60.155060,-269.750002,-6.964182>,<0.884320,0.311027,0.348195,0.000000,0.176958,-0.913433,0.366504,0.000000,0.432046,-0.262491,-0.862806,0.000000,0.000000,0.000000,0.000000,1.000000>,<25.000000>,<iy400_n25>,<0>,<779>
<-510.899746,-274.534170,-4.602223>,<0.035260,-0.173118,0.984270,0.000000,-0.986234,0.153182,0.062273,0.000000,-0.161553,-0.972916,-0.165334,0.000000,0.000000,0.000000,0.000000,1.000000>,<25.000000>,<iy400_n25>,<0>,<754>
<415.565427,119.917951,3.632350>,<0.222887,0.087788,-0.970883,0.000000,0.972885,0.043083,0.227242,0.000000,0.061777,-0.995207,-0.075805,0.000000,0.000000,0.000000,0.000000,1.000000>,<25.000000>,<iy400_n25>,<0>,<2141>
<351.654051,248.755690,-2.421570>,<0.691930,0.553473,0.463574,0.000000,-0.243626,-0.425438,0.871578,0.000000,0.679617,-0.716010,-0.159533,0.000000,0.000000,0.000000,0.000000,1.000000>,<25.000000>,<iy400_n25>,<0>,<2543>
<-297.780420,492.469860,-3.162709>,<-0.524189,0.402959,0.750233,0.000000,-0.137075,0.829556,-0.541338,0.000000,-0.840498,-0.386602,-0.379609,0.000000,0.000000,0.000000,0.000000,1.000000>,<25.000000>,<iy400_n25>,<0>,<3318>
<173.129279,247.932088,-6.488772>,<0.478789,-0.694872,-0.536576,0.000000,-0.667453,0.108933,-0.736641,0.000000,0.570322,0.710835,-0.411638,0.000000,0.000000,0.000000,0.000000,1.000000>,<25.000000>,<iy400_n25>,<0>,<2533>
<-180.546349,-148.017203,-6.431756>,<0.222701,0.367014,0.903164,0.000000,-0.099779,0.930145,-0.353375,0.000000,-0.969767,-0.011420,0.243765,0.000000,0.000000,0.000000,0.000000,1.000000>,<25.000000>,<iy400_n25>,<0>,<1179>
<464.827767,119.997978,-3.560421>,<0.638408,-0.765168,-0.083389,0.000000,-0.170883,-0.246537,0.953949,0.000000,-0.750490,-0.594759,-0.288145,0.000000,0.000000,0.000000,0.000000,1.000000>,<25.000000>,<iy400_n25>,<0>,<2143>
<-504.930760,-103.967849,3.345932>,<-0.586852,0.724346,-0.361840,0.000000,0.808933,0.505128,-0.300788,0.000000,-0.035099,-0.469222,-0.882383,0.000000,0.000000,0.000000,0.000000,1.000000>,<25.000000>,<iy400_n25>,<0>,<1334>
<-325.007843,-93.373307,3.103821>,<0.875254,0.237133,0.421542,0.000000,0.332000,0.339234,-0.880168,0.000000,-0.351719,0.910323,0.218188,0.000000,0.000000,0.000000,0.000000,1.000000>,<25.000000>,<iy400_n25>,<0>,<1344>
<-431.090039,26.825673,3.659984>,<0.962888,0.203895,0.176841,0.000000,0.104657,0.321882,-0.940978,0.000000,-0.248783,0.924564,0.288597,0.000000,0.000000,0.000000,0.000000,1.000000>,<25.000000>,<iy400_n25>,<0>,<1744>
<3.439049,-413.768279,-3.358004>,<-0.867182,0.423977,-0.261225,0.000000,-0.434804,-0.388890,0.812226,0.000000,0.242777,0.817929,0.521585,0.000000,0.000000,0.000000,0.000000,1.000000>,<25.000000>,<iy400_n25>,<0>,<319>
<373.871582,-121.802419,-3.856274>,<0.113930,0.546012,-0.829995,0.000000,-0.755830,0.589838,0.284275,0.000000,0.644780,0.594947,0.479892,0.000000,0.000000,0.000000,0.000000,1.000000>,<25.000000>,<iy400_n25>,<0>,<1326>
<495.855864,366.724873,-7.316029>,<-0.705408,-0.550144,-0.446924,0.000000,-0.503241,0.832757,-0.230791,0.000000,0.499147,0.062109,-0.864288,0.000000,0.000000,0.000000,0.000000,1.000000>,<25.000000>,<iy400_n25>,<0>,<2957>
<94.150096,-435.492469,-4.083963>,<0.150255,-0.863092,0.482179,0.000000,-0.612028,-0.464229,-0.640244,0.000000,0.776431,-0.198907,-0.597989,0.000000,0.000000,0.000000,0.000000,1.000000>,<25.000000>,<iy400_n25>,<0>,<208>
<192.397670,10.224765,-4.043660>,<-0.086454,-0.447521,0.890085,0.000000,-0.649581,0.702720,0.290223,0.000000,-0.755361,-0.553091,-0.351454,0.000000,0.000000,0.000000,0.000000,1.000000>,<25.000000>,<iy400_n25>,<0>,<1780>
<375.374960,-59.890239,1.498880>,<0.268527,0.709733,0.651285,0.000000,-0.839115,-0.159687,0.519987,0.000000,0.473054,-0.686133,0.552667,0.000000,0.000000,0.000000,0.000000,1.000000>,<25.000000>,<iy400_n25>,<0>,<1501>
