<-151.126317,-206.272811,-863.509365>,<0.732284,-0.672548,-0.106956,0.000000,-0.680722,-0.718420,-0.143140,0.000000,0.019429,0.177627,-0.983906,0.000000,0.000000,0.000000,0.000000,1.000000>,<725.000000>,<HIVsphere>,<0>,<9315>
<-150.110952,-81.484237,794.316720>,<0.502193,-0.304688,-0.809301,0.000000,-0.710260,-0.679186,-0.185033,0.000000,-0.493288,0.667736,-0.557490,0.000000,0.000000,0.000000,0.000000,1.000000>,<168.750000>,<plv_Polio>,<0>,<74263>
<-275.555569,-513.397522,810.304593>,<-0.837128,0.000000,0.547008,0.000000,0.000000,1.000000,0.000000,0.000000,-0.547008,0.000000,-0.837128,0.000000,0.000000,0.000000,0.000000,1.000000>,<25.000000>,<snake>,<0>,<73869>
<-74.800015,-511.815511,-169.934600>,<0.981329,-0.119078,0.151041,0.000000,-0.119078,0.240549,0.963305,0.000000,-0.151041,-0.963305,0.221878,0.000000,0.000000,0.000000,0.000000,1.000000>,<25.000000>,<snake>,<0>,<35864>
<-51.291090,-395.351658,-93.950901>,<0.985274,-0.053454,0.162411,0.000000,-0.053454,0.805964,0.589546,0.000000,-0.162411,-0.589546,0.791238,0.000000,0.000000,0.000000,0.000000,1.000000>,<25.000000>,<snake>,<0>,<39322>
<-5.181022,-333.382976,29.879556>,<0.889960,-0.057576,0.452389,0.000000,-0.057576,0.969875,0.236703,0.000000,-0.452389,-0.236703,0.859835,0.000000,0.000000,0.000000,0.000000,1.000000>,<25.000000>,<snake>,<0>,<43848>
<35.855795,-260.062611,144.234158>,<0.994606,-0.042173,0.094768,0.000000,-0.042173,0.670288,0.740902,0.000000,-0.094768,-0.740902,0.664893,0.000000,0.000000,0.000000,0.000000,1.000000>,<25.000000>,<snake>,<0>,<48399>
<17.422923,-141.844423,226.467715>,<0.918992,0.198712,-0.340540,0.000000,0.198712,0.512562,0.835341,0.000000,0.340540,-0.835341,0.431554,0.000000,0.000000,0.000000,0.000000,1.000000>,<25.000000>,<snake>,<0>,<51857>
<-4.960336,-5.015445,269.445176>,<0.998448,-0.036475,0.042096,0.000000,-0.036475,0.143031,0.989046,0.000000,-0.042096,-0.989046,0.141479,0.000000,0.000000,0.000000,0.000000,1.000000>,<25.000000>,<snake>,<0>,<53104>
<15.567241,135.119219,311.249786>,<0.962116,-0.143848,0.231605,0.000000,-0.143848,0.453800,0.879416,0.000000,-0.231605,-0.879416,0.415916,0.000000,0.000000,0.000000,0.000000,1.000000>,<25.000000>,<snake>,<0>,<55445>
<58.205941,243.970960,398.537029>,<0.935060,-0.110242,0.336911,0.000000,-0.110242,0.812854,0.571940,0.000000,-0.336911,-0.571940,0.747914,0.000000,0.000000,0.000000,0.000000,1.000000>,<25.000000>,<snake>,<0>,<58904>
<101.825999,293.285021,527.066868>,<0.969543,-0.010652,0.244690,0.000000,-0.010652,0.996274,0.085581,0.000000,-0.244690,-0.085581,0.965817,0.000000,0.000000,0.000000,0.000000,1.000000>,<25.000000>,<snake>,<0>,<63430>
<100.368527,290.806055,671.290559>,<0.964356,-0.016010,-0.264123,0.000000,-0.016010,0.992809,-0.118634,0.000000,0.264123,0.118634,0.957165,0.000000,0.000000,0.000000,0.000000,1.000000>,<25.000000>,<snake>,<0>,<69020>
<27.988696,255.313751,789.489642>,<0.696496,-0.153539,-0.700942,0.000000,-0.153539,0.922327,-0.354597,0.000000,0.700942,0.354597,0.618822,0.000000,0.000000,0.000000,0.000000,1.000000>,<25.000000>,<snake>,<0>,<73463>
<-57.672241,199.259814,896.417369>,<0.892267,-0.095911,-0.441204,0.000000,-0.095911,0.914614,-0.392789,0.000000,0.441204,0.392789,0.806881,0.000000,0.000000,0.000000,0.000000,1.000000>,<25.000000>,<snake>,<0>,<77880>
<-137.259657,126.059492,996.299983>,<0.747947,-0.237113,-0.619962,0.000000,-0.237113,0.776941,-0.583216,0.000000,0.619962,0.583216,0.524888,0.000000,0.000000,0.000000,0.000000,1.000000>,<25.000000>,<snake>,<0>,<82271>
<-219.089775,17.757302,1050.104527>,<0.813887,-0.340069,-0.471107,0.000000,-0.340069,0.378620,-0.860814,0.000000,0.471107,0.860814,0.192506,0.000000,0.000000,0.000000,0.000000,1.000000>,<25.000000>,<snake>,<0>,<83283>
<-241.496832,-119.527318,1077.550084>,<0.974687,0.142415,0.172346,0.000000,0.142415,0.198747,-0.969648,0.000000,-0.172346,0.969648,0.173434,0.000000,0.000000,0.000000,0.000000,1.000000>,<25.000000>,<snake>,<0>,<84296>
<-252.493852,-263.320477,1091.903285>,<0.900050,-0.296929,-0.318973,0.000000,-0.296929,0.117892,-0.947594,0.000000,0.318973,0.947594,0.017942,0.000000,0.000000,0.000000,0.000000,1.000000>,<25.000000>,<snake>,<0>,<85283>
<-303.955776,-387.981619,1048.588548>,<0.666709,-0.648593,-0.367186,0.000000,-0.648593,-0.262180,-0.714555,0.000000,0.367186,0.714555,-0.595471,0.000000,0.000000,0.000000,0.000000,1.000000>,<25.000000>,<snake>,<0>,<82916>
<-324.037941,-477.485364,938.508681>,<0.922615,0.372688,0.099424,0.000000,0.372688,-0.794875,-0.478829,0.000000,-0.099424,0.478829,-0.872260,0.000000,0.000000,0.000000,0.000000,1.000000>,<25.000000>,<snake>,<0>,<79483>
<231.994462,369.500519,-88.069280>,<-0.524842,-0.382176,-0.760580,0.000000,-0.802206,0.520856,0.291847,0.000000,0.284615,0.763315,-0.579951,0.000000,0.000000,0.000000,0.000000,1.000000>,<187.760000>,<iIgM_Antibody_5mer>,<0>,<40034>
<284.608010,-441.849175,1077.076156>,<0.824012,-0.489745,0.284876,0.000000,-0.558046,-0.614649,0.557488,0.000000,-0.097928,-0.618350,-0.779778,0.000000,0.000000,0.000000,0.000000,1.000000>,<187.760000>,<iIgM_Antibody_5mer>,<0>,<84002>
<-329.321063,554.997590,621.105592>,<-0.180291,0.775599,0.604931,0.000000,-0.258226,-0.630759,0.731753,0.000000,0.949112,-0.024281,0.314000,0.000000,0.000000,0.000000,0.000000,1.000000>,<110.750000>,<iLDL>,<0>,<68121>
<171.930612,-424.548566,-110.122155>,<0.850300,0.210382,0.482420,0.000000,0.222100,-0.974449,0.033488,0.000000,0.477138,0.078671,-0.875300,0.000000,0.000000,0.000000,0.000000,1.000000>,<110.750000>,<iLDL>,<0>,<38186>
<190.467202,-135.860982,197.149959>,<0.062927,-0.856679,-0.511997,0.000000,-0.694174,-0.406158,0.594271,0.000000,-0.717051,0.318019,-0.620243,0.000000,0.000000,0.000000,0.000000,1.000000>,<117.750000>,<dLDL>,<0>,<50745>
<-53.875179,443.120267,641.454608>,<0.886957,0.460756,0.031802,0.000000,-0.461853,0.884832,0.061355,0.000000,0.000130,-0.069107,0.997609,0.000000,0.000000,0.000000,0.000000,1.000000>,<117.750000>,<dLDL>,<0>,<68026>
<227.382063,556.049822,1039.033631>,<-0.110528,0.678699,0.726052,0.000000,0.889510,-0.258322,0.376885,0.000000,0.443347,0.687487,-0.575157,0.000000,0.000000,0.000000,0.000000,1.000000>,<14.570000>,<Fibrinogen>,<0>,<83792>
<-39.871112,-476.167514,651.585301>,<-0.916732,-0.358004,-0.177300,0.000000,-0.163436,-0.068887,0.984146,0.000000,-0.364542,0.931175,0.004640,0.000000,0.000000,0.000000,0.000000,1.000000>,<14.570000>,<Fibrinogen>,<0>,<68313>
<338.767153,492.531862,803.029595>,<-0.212655,-0.044301,0.976122,0.000000,0.966173,-0.158694,0.203286,0.000000,0.145899,0.986334,0.076549,0.000000,0.000000,0.000000,0.000000,1.000000>,<14.570000>,<Fibrinogen>,<0>,<74800>
<85.619796,-372.727269,512.115556>,<0.830793,-0.392199,0.394921,0.000000,-0.263519,-0.902156,-0.341574,0.000000,0.490245,0.179708,-0.852857,0.000000,0.000000,0.000000,0.000000,1.000000>,<14.570000>,<Fibrinogen>,<0>,<62831>
<314.087254,-588.629869,702.905008>,<-0.205070,-0.589441,0.781349,0.000000,-0.762820,0.596437,0.249738,0.000000,-0.613231,-0.544814,-0.571949,0.000000,0.000000,0.000000,0.000000,1.000000>,<14.570000>,<Fibrinogen>,<0>,<69339>
<-68.088336,-135.760084,18.593862>,<-0.848929,-0.444536,0.285844,0.000000,-0.386904,0.891179,0.236866,0.000000,-0.360034,0.090488,-0.928541,0.000000,0.000000,0.000000,0.000000,1.000000>,<14.570000>,<Fibrinogen>,<0>,<44028>
<12.407080,-266.731007,746.366866>,<0.108975,-0.647521,0.754216,0.000000,-0.052903,0.753881,0.654878,0.000000,-0.992636,-0.111265,0.047899,0.000000,0.000000,0.000000,0.000000,1.000000>,<14.570000>,<Fibrinogen>,<0>,<71876>
<-124.662267,-284.408015,1062.746892>,<-0.802190,-0.335478,-0.493908,0.000000,-0.558704,0.130027,0.819111,0.000000,-0.210572,0.933031,-0.291739,0.000000,0.000000,0.000000,0.000000,1.000000>,<14.570000>,<Fibrinogen>,<0>,<84144>
<-260.829336,617.929583,151.350051>,<0.244917,0.949814,0.194601,0.000000,-0.939568,0.182991,0.289355,0.000000,0.239223,-0.253709,0.937232,0.000000,0.000000,0.000000,0.000000,1.000000>,<14.570000>,<Fibrinogen>,<0>,<49169>
<-174.748441,-482.533455,927.412247>,<0.990958,0.022340,0.132299,0.000000,0.008713,-0.994674,0.102701,0.000000,0.133889,-0.100620,-0.985875,0.000000,0.000000,0.000000,0.000000,1.000000>,<14.570000>,<Fibrinogen>,<0>,<78370>
<-65.187159,502.565916,816.174954>,<-0.640025,0.408888,-0.650522,0.000000,0.083761,-0.804469,-0.588060,0.000000,-0.763775,-0.430861,0.480631,0.000000,0.000000,0.000000,0.000000,1.000000>,<14.570000>,<Fibrinogen>,<0>,<74786>
<46.133703,63.375704,1087.140580>,<0.800502,0.557561,-0.219822,0.000000,0.407199,-0.775100,-0.483124,0.000000,-0.439755,0.297231,-0.847508,0.000000,0.000000,0.000000,0.000000,1.000000>,<14.570000>,<Fibrinogen>,<0>,<85580>
<-149.609643,-357.158067,260.990610>,<0.544703,-0.449079,-0.708256,0.000000,0.371068,-0.628308,0.683767,0.000000,-0.752068,-0.635262,-0.175602,0.000000,0.000000,0.000000,0.000000,1.000000>,<14.570000>,<Fibrinogen>,<0>,<52761>
<380.891394,362.722064,-892.954146>,<0.508589,0.125967,-0.851745,0.000000,-0.844576,0.265341,-0.465066,0.000000,0.167420,0.955890,0.241338,0.000000,0.000000,0.000000,0.000000,1.000000>,<14.570000>,<Fibrinogen>,<0>,<8709>
<-23.959065,-345.111666,26.451116>,<-0.843137,-0.030578,0.536829,0.000000,-0.081583,0.994098,-0.071508,0.000000,-0.531474,-0.104087,-0.840655,0.000000,0.000000,0.000000,0.000000,1.000000>,<14.570000>,<Fibrinogen>,<0>,<43847>
<321.537063,300.637085,-346.903830>,<-0.603651,-0.063029,-0.794753,0.000000,-0.292322,0.944940,0.147092,0.000000,0.741723,0.321116,-0.588839,0.000000,0.000000,0.000000,0.000000,1.000000>,<64.950000>,<Heparin>,<0>,<29897>
<82.032657,-114.673830,1010.736518>,<0.534466,0.833217,-0.141762,0.000000,0.228382,0.019114,0.973384,0.000000,0.813749,-0.552616,-0.180076,0.000000,0.000000,0.000000,0.000000,1.000000>,<64.950000>,<Heparin>,<0>,<82071>
<139.296262,-21.281322,-157.844904>,<0.377334,0.245235,-0.893017,0.000000,0.536899,0.727772,0.426717,0.000000,0.754559,-0.640474,0.142947,0.000000,0.000000,0.000000,0.000000,1.000000>,<188.360000>,<FactorH1>,<0>,<37431>
<286.816738,-115.563773,451.787425>,<-0.942359,0.299617,-0.148958,0.000000,0.050855,-0.311757,-0.948800,0.000000,-0.330715,-0.901686,0.278550,0.000000,0.000000,0.000000,0.000000,1.000000>,<188.360000>,<FactorH1>,<0>,<60836>
<290.905942,548.077768,144.037228>,<0.274553,-0.071050,-0.958943,0.000000,-0.698134,0.671051,-0.249601,0.000000,0.661234,0.737999,0.134637,0.000000,0.000000,0.000000,0.000000,1.000000>,<188.360000>,<FactorH1>,<0>,<49136>
<137.179515,-594.665485,887.865874>,<-0.497833,-0.254761,0.829011,0.000000,-0.586465,0.803089,-0.105386,0.000000,-0.638922,-0.538651,-0.549212,0.000000,0.000000,0.000000,0.000000,1.000000>,<188.360000>,<FactorH1>,<0>,<77159>
<28.157493,417.862649,980.917886>,<-0.027483,-0.912741,-0.407614,0.000000,-0.526657,0.359805,-0.770177,0.000000,0.849633,0.193506,-0.490590,0.000000,0.000000,0.000000,0.000000,1.000000>,<18.050000>,<IgG_Antibody_1mer>,<0>,<81419>
<286.056436,-370.656612,-237.060308>,<-0.136131,-0.988195,-0.070281,0.000000,-0.966479,0.116881,0.228597,0.000000,-0.217683,0.099044,-0.970981,0.000000,0.000000,0.000000,0.000000,1.000000>,<18.050000>,<IgG_Antibody_1mer>,<0>,<33770>
<-346.857191,-573.880983,554.069895>,<0.512402,-0.709138,0.484322,0.000000,0.563137,0.703267,0.433928,0.000000,-0.648322,0.050394,0.759697,0.000000,0.000000,0.000000,0.000000,1.000000>,<50.360000>,<Transferrin>,<0>,<64870>
<-0.542574,-558.355408,133.508613>,<-0.299788,0.913843,-0.273894,0.000000,0.423320,-0.129862,-0.896625,0.000000,-0.854943,-0.384743,-0.347917,0.000000,0.000000,0.000000,0.000000,1.000000>,<50.740000>,<i7aat_91kD>,<0>,<48112>
<-1.647856,584.201011,-1042.556985>,<-0.159094,-0.933000,0.322800,0.000000,-0.736490,0.329903,0.590547,0.000000,-0.657473,-0.143786,-0.739631,0.000000,0.000000,0.000000,0.000000,1.000000>,<32.820000>,<iIgA_Antibody_2mer>,<0>,<3314>
<319.306742,-168.199780,93.708259>,<-0.230249,-0.002501,0.973128,0.000000,-0.449856,0.887006,-0.104160,0.000000,-0.862911,-0.461751,-0.205358,0.000000,0.000000,0.000000,0.000000,1.000000>,<18.050000>,<IgG_Antibody_1mer>,<0>,<46251>
<-236.365327,-609.307047,547.996243>,<0.062322,0.825454,-0.561018,0.000000,0.994286,-0.100160,-0.036917,0.000000,-0.086665,-0.555512,-0.826980,0.000000,0.000000,0.000000,0.000000,1.000000>,<18.050000>,<IgG_Antibody_1mer>,<0>,<63730>
<-182.544231,-422.577641,114.296630>,<-0.657754,-0.739828,0.141467,0.000000,0.112480,0.089233,0.989639,0.000000,-0.744787,0.666852,0.024523,0.000000,0.000000,0.000000,0.000000,1.000000>,<18.050000>,<IgG_Antibody_1mer>,<0>,<47118>
<174.183060,-594.334616,267.889388>,<0.777797,0.626388,-0.051671,0.000000,-0.153501,0.269038,0.950819,0.000000,0.609483,-0.731612,0.305408,0.000000,0.000000,0.000000,0.000000,1.000000>,<32.820000>,<iIgA_Antibody_2mer>,<0>,<52564>
<267.998782,-293.385096,479.438878>,<0.812208,0.179224,-0.555155,0.000000,-0.519420,0.655377,-0.548347,0.000000,0.265559,0.733730,0.625395,0.000000,0.000000,0.000000,0.000000,1.000000>,<49.980000>,<SerumAlbumin>,<0>,<61797>
<171.993264,306.956160,-399.381310>,<0.877743,-0.065577,-0.474623,0.000000,-0.404494,-0.632368,-0.660678,0.000000,-0.256811,0.771888,-0.581582,0.000000,0.000000,0.000000,0.000000,1.000000>,<18.050000>,<IgG_Antibody_1mer>,<0>,<27656>
<167.975973,-41.769972,369.107155>,<0.835364,-0.493828,0.241457,0.000000,-0.079017,0.326816,0.941779,0.000000,-0.543989,-0.805807,0.233990,0.000000,0.000000,0.000000,0.000000,1.000000>,<32.820000>,<iIgA_Antibody_2mer>,<0>,<57530>
<-182.259763,-234.691363,948.643338>,<0.411595,0.627624,-0.660815,0.000000,-0.910414,0.250018,-0.329601,0.000000,-0.041650,0.737278,0.674304,0.000000,0.000000,0.000000,0.000000,1.000000>,<49.980000>,<SerumAlbumin>,<0>,<79696>
<195.714637,-78.575806,1121.071685>,<0.107316,-0.225446,-0.968327,0.000000,-0.957833,0.237653,-0.161484,0.000000,0.266531,0.944826,-0.190435,0.000000,0.000000,0.000000,0.000000,1.000000>,<18.410000>,<Insulin>,<0>,<86573>
<-99.983962,367.267707,-59.642800>,<0.497101,0.510826,-0.701390,0.000000,0.708708,-0.705409,-0.011466,0.000000,-0.500624,-0.491381,-0.712685,0.000000,0.000000,0.000000,0.000000,1.000000>,<32.820000>,<iIgA_Antibody_2mer>,<0>,<41115>
<166.945138,486.242402,414.286514>,<0.399077,-0.597696,0.695340,0.000000,0.260635,-0.653118,-0.710990,0.000000,0.879095,0.464969,-0.104863,0.000000,0.000000,0.000000,0.000000,1.000000>,<39.170000>,<AntiTrypsin>,<0>,<60234>
<194.427552,-432.287154,342.067939>,<-0.332467,0.667342,0.666424,0.000000,0.236340,0.743026,-0.626144,0.000000,-0.913022,-0.050670,-0.404751,0.000000,0.000000,0.000000,0.000000,1.000000>,<32.820000>,<iIgA_Antibody_2mer>,<0>,<56075>
<342.815003,70.315625,404.574691>,<0.288381,-0.264484,-0.920263,0.000000,0.214631,0.954494,-0.207063,0.000000,0.933151,-0.137804,0.332024,0.000000,0.000000,0.000000,0.000000,1.000000>,<18.050000>,<IgG_Antibody_1mer>,<0>,<58758>
<58.060458,382.220946,454.855937>,<-0.924346,-0.323460,-0.202380,0.000000,-0.345536,0.484673,0.803553,0.000000,-0.161829,0.812690,-0.559773,0.000000,0.000000,0.000000,0.000000,1.000000>,<18.050000>,<IgG_Antibody_1mer>,<0>,<61270>
<338.159530,-285.107248,402.501956>,<0.908847,0.300405,0.289401,0.000000,-0.198890,-0.297766,0.933691,0.000000,0.366659,-0.906141,-0.210876,0.000000,0.000000,0.000000,0.000000,1.000000>,<35.340000>,<Hemoglobin>,<0>,<58446>
<213.729388,379.340916,1103.750416>,<0.494362,0.734806,-0.464399,0.000000,0.625504,0.070272,0.777050,0.000000,0.603615,-0.674628,-0.424884,0.000000,0.000000,0.000000,0.000000,1.000000>,<18.050000>,<IgG_Antibody_1mer>,<0>,<85872>
<-339.079762,93.578569,140.379669>,<-0.812753,-0.381614,0.440230,0.000000,0.367702,0.250126,0.895674,0.000000,-0.451915,0.889836,-0.062970,0.000000,0.000000,0.000000,0.000000,1.000000>,<32.820000>,<iIgA_Antibody_2mer>,<0>,<48698>
<175.760874,284.272319,606.106841>,<0.026497,-0.506622,0.861761,0.000000,-0.213769,-0.844994,-0.490192,0.000000,0.976525,-0.171229,-0.130690,0.000000,0.000000,0.000000,0.000000,1.000000>,<32.820000>,<iIgA_Antibody_2mer>,<0>,<66786>
<-65.346368,-390.523325,318.580277>,<-0.924432,-0.369497,0.094324,0.000000,0.043271,0.144113,0.988615,0.000000,-0.378883,0.917989,-0.117234,0.000000,0.000000,0.000000,0.000000,1.000000>,<49.320000>,<Ceruloplasmin>,<0>,<54974>
<145.334249,579.115503,555.378780>,<-0.716599,0.697474,-0.004078,0.000000,-0.680734,-0.700650,-0.213755,0.000000,-0.151946,-0.150401,0.976879,0.000000,0.000000,0.000000,0.000000,1.000000>,<32.820000>,<iIgA_Antibody_2mer>,<0>,<64809>
<363.715135,-103.699038,757.322365>,<-0.408212,-0.912868,0.005917,0.000000,-0.506911,0.221278,-0.833113,0.000000,0.759213,-0.343086,-0.553071,0.000000,0.000000,0.000000,0.000000,1.000000>,<49.320000>,<Ceruloplasmin>,<0>,<72019>
<281.656867,409.722823,379.679497>,<0.962411,0.254032,0.096085,0.000000,-0.261385,0.962423,0.073624,0.000000,-0.073771,-0.095972,0.992647,0.000000,0.000000,0.000000,0.000000,1.000000>,<18.050000>,<IgG_Antibody_1mer>,<0>,<57950>
<-322.552010,-104.612118,633.941922>,<-0.136880,-0.470627,0.871650,0.000000,0.160463,0.857777,0.488334,0.000000,-0.977505,0.206711,-0.041894,0.000000,0.000000,0.000000,0.000000,1.000000>,<32.820000>,<iIgA_Antibody_2mer>,<0>,<67523>
<33.940700,-337.148001,859.474185>,<-0.039112,0.824643,-0.564299,0.000000,-0.780416,0.327473,0.532646,0.000000,0.624036,0.461222,0.630757,0.000000,0.000000,0.000000,0.000000,1.000000>,<18.050000>,<IgG_Antibody_1mer>,<0>,<76271>
<253.364255,-420.040520,496.015979>,<0.380448,0.256106,0.888633,0.000000,0.404062,-0.910355,0.089377,0.000000,0.831861,0.325060,-0.449825,0.000000,0.000000,0.000000,0.000000,1.000000>,<49.320000>,<Ceruloplasmin>,<0>,<61667>
<295.268037,11.089820,507.830037>,<0.907955,-0.349268,-0.231579,0.000000,0.324235,0.235387,0.916223,0.000000,-0.265497,-0.906975,0.326966,0.000000,0.000000,0.000000,0.000000,1.000000>,<18.050000>,<IgG_Antibody_1mer>,<0>,<63176>
<-257.770778,230.206836,-127.755632>,<0.925530,0.047429,0.375692,0.000000,-0.374818,-0.026473,0.926720,0.000000,0.053899,-0.998524,-0.006724,0.000000,0.000000,0.000000,0.000000,1.000000>,<18.050000>,<IgG_Antibody_1mer>,<0>,<38769>
<201.588267,118.001203,23.475787>,<0.097582,-0.500998,0.859930,0.000000,-0.440105,-0.796700,-0.414218,0.000000,0.892629,-0.338039,-0.298235,0.000000,0.000000,0.000000,0.000000,1.000000>,<18.050000>,<IgG_Antibody_1mer>,<0>,<44271>
<349.759380,291.931992,74.517272>,<-0.514016,-0.029339,-0.857278,0.000000,0.267318,0.944165,-0.192595,0.000000,0.815063,-0.328163,-0.477474,0.000000,0.000000,0.000000,0.000000,1.000000>,<18.050000>,<IgG_Antibody_1mer>,<0>,<45550>
<-146.464258,-211.520643,313.742510>,<0.272750,-0.512380,-0.814294,0.000000,0.495864,-0.650439,0.575368,0.000000,-0.824455,-0.560710,0.076663,0.000000,0.000000,0.000000,0.000000,1.000000>,<18.050000>,<IgG_Antibody_1mer>,<0>,<55153>
<-162.384291,549.521440,491.666134>,<0.898555,0.277672,-0.339848,0.000000,0.423426,-0.344966,0.837681,0.000000,0.115364,-0.896603,-0.427545,0.000000,0.000000,0.000000,0.000000,1.000000>,<18.050000>,<IgG_Antibody_1mer>,<0>,<62537>
<16.801099,614.572301,1001.042129>,<0.460636,0.020774,0.887346,0.000000,-0.794313,-0.436474,0.422559,0.000000,0.396082,-0.899477,-0.184554,0.000000,0.000000,0.000000,0.000000,1.000000>,<32.820000>,<iIgA_Antibody_2mer>,<0>,<82719>
<-342.844455,562.629654,-657.548987>,<-0.626974,-0.702788,0.336145,0.000000,0.778812,-0.554987,0.292303,0.000000,-0.018871,0.445060,0.895302,0.000000,0.000000,0.000000,0.000000,1.000000>,<18.050000>,<IgG_Antibody_1mer>,<0>,<17810>
<133.038684,-544.689529,37.898281>,<0.823093,-0.088389,0.560986,0.000000,0.412655,-0.585576,-0.697722,0.000000,0.390171,0.805784,-0.445509,0.000000,0.000000,0.000000,0.000000,1.000000>,<18.050000>,<IgG_Antibody_1mer>,<0>,<43671>
<112.387701,522.200276,292.629657>,<0.105555,0.848598,-0.518401,0.000000,0.044977,-0.524854,-0.850003,0.000000,-0.993396,0.066406,-0.093568,0.000000,0.000000,0.000000,0.000000,1.000000>,<18.050000>,<IgG_Antibody_1mer>,<0>,<54694>
<32.510053,-1.188113,690.542492>,<-0.035068,-0.805162,0.592017,0.000000,-0.667615,0.459686,0.585643,0.000000,-0.743680,-0.374702,-0.553659,0.000000,0.000000,0.000000,0.000000,1.000000>,<18.050000>,<IgG_Antibody_1mer>,<0>,<69875>
<71.115024,439.251938,121.634473>,<0.705885,-0.131352,0.696041,0.000000,-0.293660,0.839959,0.456325,0.000000,-0.644585,-0.526512,0.554342,0.000000,0.000000,0.000000,0.000000,1.000000>,<18.050000>,<IgG_Antibody_1mer>,<0>,<47907>
<-32.549132,-581.312152,374.238537>,<-0.677467,0.718332,-0.158234,0.000000,0.165607,0.358558,0.918700,0.000000,0.716668,0.596184,-0.361872,0.000000,0.000000,0.000000,0.000000,1.000000>,<18.050000>,<IgG_Antibody_1mer>,<0>,<57055>
<-315.331565,563.872891,418.975634>,<0.953304,-0.068793,-0.294072,0.000000,0.282389,-0.142218,0.948699,0.000000,-0.107086,-0.987442,-0.116150,0.000000,0.000000,0.000000,0.000000,1.000000>,<18.050000>,<IgG_Antibody_1mer>,<0>,<60295>
<-193.485757,-115.211082,-97.411613>,<-0.756402,-0.156177,0.635188,0.000000,-0.568473,0.637317,-0.520256,0.000000,-0.323564,-0.754610,-0.570850,0.000000,0.000000,0.000000,0.000000,1.000000>,<39.170000>,<AntiTrypsin>,<0>,<39577>
<-170.151265,2.074986,-63.155123>,<0.198791,0.257753,-0.945540,0.000000,-0.878633,0.474269,-0.055439,0.000000,0.434151,0.841803,0.320750,0.000000,0.000000,0.000000,0.000000,1.000000>,<18.050000>,<IgG_Antibody_1mer>,<0>,<40800>
<-169.381561,161.686314,765.027160>,<-0.165912,0.366279,0.915594,0.000000,0.881384,0.471515,-0.028915,0.000000,-0.442307,0.802193,-0.401062,0.000000,0.000000,0.000000,0.000000,1.000000>,<18.050000>,<IgG_Antibody_1mer>,<0>,<73352>
<-355.177595,226.467318,-98.055313>,<0.513679,0.002940,0.857977,0.000000,0.160772,0.981951,-0.099621,0.000000,-0.842785,0.189112,0.503935,0.000000,0.000000,0.000000,0.000000,1.000000>,<37.520000>,<i2tsc_63kD>,<0>,<39884>
<-206.124938,-545.749585,-57.098957>,<0.792360,0.460612,-0.400004,0.000000,0.501366,-0.118113,0.857136,0.000000,0.347561,-0.879708,-0.324523,0.000000,0.000000,0.000000,0.000000,1.000000>,<50.740000>,<i7aat_91kD>,<0>,<40305>
<-261.962406,-235.752015,885.518013>,<0.424201,-0.555876,-0.714881,0.000000,0.883403,0.427610,0.191700,0.000000,0.199129,-0.712848,0.672455,0.000000,0.000000,0.000000,0.000000,1.000000>,<18.050000>,<IgG_Antibody_1mer>,<0>,<77483>
<32.159048,562.737707,576.724101>,<0.235789,0.971222,-0.033624,0.000000,0.923288,-0.213088,0.319582,0.000000,0.303221,-0.106398,-0.946962,0.000000,0.000000,0.000000,0.000000,1.000000>,<18.050000>,<IgG_Antibody_1mer>,<0>,<65897>
<-26.063515,-399.601840,483.503225>,<0.704984,-0.391275,-0.591525,0.000000,-0.684776,-0.158430,-0.711324,0.000000,0.184608,0.906534,-0.379626,0.000000,0.000000,0.000000,0.000000,1.000000>,<18.050000>,<IgG_Antibody_1mer>,<0>,<61683>
<203.819204,-330.475837,-1.319206>,<-0.229117,0.943054,-0.241151,0.000000,0.313688,-0.162991,-0.935432,0.000000,-0.921469,-0.289970,-0.258481,0.000000,0.000000,0.000000,0.000000,1.000000>,<18.050000>,<IgG_Antibody_1mer>,<0>,<42763>
<260.237647,532.546722,724.965034>,<0.121170,-0.268002,-0.955768,0.000000,0.899407,-0.377746,0.219946,0.000000,-0.419983,-0.886275,0.195271,0.000000,0.000000,0.000000,0.000000,1.000000>,<18.050000>,<IgG_Antibody_1mer>,<0>,<71469>
<116.128472,121.150179,51.704817>,<0.086315,-0.963430,-0.253678,0.000000,0.938993,0.163762,-0.302447,0.000000,0.332929,-0.212097,0.918789,0.000000,0.000000,0.000000,0.000000,1.000000>,<18.050000>,<IgG_Antibody_1mer>,<0>,<45386>
<110.112015,528.253734,741.384045>,<-0.738035,0.264176,-0.620899,0.000000,-0.663547,-0.117072,0.738918,0.000000,0.122515,0.957343,0.261696,0.000000,0.000000,0.000000,0.000000,1.000000>,<18.050000>,<IgG_Antibody_1mer>,<0>,<72582>
<183.650150,147.029009,201.609677>,<0.376303,0.278598,-0.883617,0.000000,0.611848,-0.790896,0.011203,0.000000,-0.695728,-0.544855,-0.468076,0.000000,0.000000,0.000000,0.000000,1.000000>,<18.050000>,<IgG_Antibody_1mer>,<0>,<51004>
<174.752053,-273.043255,739.168031>,<0.977411,0.207223,0.041556,0.000000,0.108832,-0.324933,-0.939454,0.000000,-0.181174,0.922755,-0.340145,0.000000,0.000000,0.000000,0.000000,1.000000>,<18.050000>,<IgG_Antibody_1mer>,<0>,<71856>
<-156.859757,-485.168978,139.075522>,<0.366814,-0.923215,-0.114547,0.000000,-0.359293,-0.027015,-0.932834,0.000000,0.858112,0.383333,-0.341614,0.000000,0.000000,0.000000,0.000000,1.000000>,<18.050000>,<IgG_Antibody_1mer>,<0>,<48185>
<280.598546,52.069606,-274.920955>,<-0.561788,-0.509921,-0.651440,0.000000,-0.697151,0.715754,0.040945,0.000000,0.445393,0.477154,-0.757594,0.000000,0.000000,0.000000,0.000000,1.000000>,<49.980000>,<SerumAlbumin>,<0>,<33016>
<-141.856063,-124.901731,-82.875764>,<0.212899,0.075678,0.974139,0.000000,-0.389534,-0.907764,0.155655,0.000000,0.896068,-0.412599,-0.163783,0.000000,0.000000,0.000000,0.000000,1.000000>,<18.050000>,<IgG_Antibody_1mer>,<0>,<39579>
<373.436690,471.987476,1133.551671>,<-0.810027,0.581865,-0.072726,0.000000,0.543991,0.699350,-0.463663,0.000000,-0.218929,-0.415142,-0.883022,0.000000,0.000000,0.000000,0.000000,1.000000>,<18.050000>,<IgG_Antibody_1mer>,<0>,<87073>
<102.238907,146.508483,723.355486>,<-0.152532,-0.212871,-0.965101,0.000000,-0.167371,0.967986,-0.187055,0.000000,0.974023,0.132998,-0.183278,0.000000,0.000000,0.000000,0.000000,1.000000>,<49.980000>,<SerumAlbumin>,<0>,<71126>
<-202.478968,524.786984,-563.708638>,<-0.633128,0.365919,-0.682094,0.000000,-0.630876,-0.754521,0.180813,0.000000,-0.448491,0.544795,0.708558,0.000000,0.000000,0.000000,0.000000,1.000000>,<49.980000>,<SerumAlbumin>,<0>,<22261>
<166.830062,114.072438,626.048320>,<0.376427,0.543598,0.750202,0.000000,-0.744882,0.659071,-0.103807,0.000000,-0.550866,-0.519736,0.653009,0.000000,0.000000,0.000000,0.000000,1.000000>,<18.050000>,<IgG_Antibody_1mer>,<0>,<67748>
<291.659453,444.242257,-956.115740>,<-0.533713,-0.811193,0.238991,0.000000,0.468639,-0.518952,-0.714889,0.000000,0.703938,-0.269545,0.657128,0.000000,0.000000,0.000000,0.000000,1.000000>,<36.050000>,<i1ysx_23kD>,<0>,<6548>
<8.521560,620.106185,687.135772>,<0.331269,0.941183,0.066590,0.000000,0.445732,-0.218307,0.868139,0.000000,0.831615,-0.257907,-0.491834,0.000000,0.000000,0.000000,0.000000,1.000000>,<39.170000>,<AntiTrypsin>,<0>,<70421>
<-4.696985,453.892204,914.336832>,<-0.156272,0.571182,-0.805810,0.000000,-0.069508,0.807451,0.585825,0.000000,0.985265,0.147559,-0.086480,0.000000,0.000000,0.000000,0.000000,1.000000>,<50.740000>,<i7aat_91kD>,<0>,<79208>
<296.176338,-503.887555,401.759196>,<0.202136,0.811594,0.548139,0.000000,-0.725808,0.499913,-0.472535,0.000000,-0.657528,-0.302328,0.690112,0.000000,0.000000,0.000000,0.000000,1.000000>,<18.050000>,<IgG_Antibody_1mer>,<0>,<58236>
<342.307808,-317.088788,26.496269>,<-0.352020,0.437098,0.827664,0.000000,0.629943,0.764659,-0.135899,0.000000,-0.692282,0.473542,-0.544522,0.000000,0.000000,0.000000,0.000000,1.000000>,<18.050000>,<IgG_Antibody_1mer>,<0>,<43886>
<22.784366,309.530368,-141.047391>,<0.653085,0.419204,0.630672,0.000000,-0.537499,-0.330056,0.775988,0.000000,0.533455,-0.845772,0.009767,0.000000,0.000000,0.000000,0.000000,1.000000>,<18.050000>,<IgG_Antibody_1mer>,<0>,<37739>
<-115.774654,98.310356,-90.416513>,<-0.790721,-0.306335,0.530018,0.000000,0.500186,-0.822468,0.270853,0.000000,0.352951,0.479277,0.803567,0.000000,0.000000,0.000000,0.000000,1.000000>,<18.050000>,<IgG_Antibody_1mer>,<0>,<39762>
<-223.271916,-345.157478,1088.723031>,<0.012573,0.303311,0.952809,0.000000,-0.877840,-0.452917,0.155762,0.000000,0.478788,-0.838372,0.260564,0.000000,0.000000,0.000000,0.000000,1.000000>,<49.980000>,<SerumAlbumin>,<0>,<85207>
<-175.984740,488.321635,-268.091024>,<-0.801941,-0.047015,0.595550,0.000000,-0.523658,0.535126,-0.662890,0.000000,-0.287529,-0.843463,-0.453759,0.000000,0.000000,0.000000,0.000000,1.000000>,<18.050000>,<IgG_Antibody_1mer>,<0>,<33416>
<-96.098553,392.379023,772.670915>,<-0.624281,-0.635874,0.453802,0.000000,-0.276776,0.723258,0.632688,0.000000,-0.730526,0.269374,-0.627511,0.000000,0.000000,0.000000,0.000000,1.000000>,<18.050000>,<IgG_Antibody_1mer>,<0>,<73563>
<-149.013940,324.358825,603.979078>,<0.289231,0.915821,-0.278600,0.000000,0.488419,0.109121,0.865760,0.000000,0.823282,-0.386478,-0.415743,0.000000,0.000000,0.000000,0.000000,1.000000>,<18.050000>,<IgG_Antibody_1mer>,<0>,<66801>
<-150.812694,74.130021,130.792602>,<-0.999381,-0.019660,-0.029174,0.000000,0.017240,0.449169,-0.893280,0.000000,0.030666,-0.893230,-0.448552,0.000000,0.000000,0.000000,0.000000,1.000000>,<18.050000>,<IgG_Antibody_1mer>,<0>,<48679>
<-116.905978,223.501836,951.718590>,<0.495699,-0.733200,0.465510,0.000000,-0.415033,-0.670815,-0.614618,0.000000,0.762909,0.111463,-0.636824,0.000000,0.000000,0.000000,0.000000,1.000000>,<18.050000>,<IgG_Antibody_1mer>,<0>,<80114>
<29.269535,-493.495084,371.645662>,<0.564337,0.703125,0.432595,0.000000,0.680155,-0.692989,0.239072,0.000000,0.467881,0.159314,-0.869314,0.000000,0.000000,0.000000,0.000000,1.000000>,<18.050000>,<IgG_Antibody_1mer>,<0>,<57109>
<-193.373835,539.430095,619.456385>,<-0.872937,-0.285316,0.395698,0.000000,-0.471451,0.701846,-0.533991,0.000000,-0.125362,-0.652692,-0.747179,0.000000,0.000000,0.000000,0.000000,1.000000>,<18.050000>,<IgG_Antibody_1mer>,<0>,<68125>
<-61.904891,-112.230741,1122.057565>,<-0.378004,-0.910713,0.166478,0.000000,-0.142369,0.234862,0.961546,0.000000,-0.914792,0.339767,-0.218436,0.000000,0.000000,0.000000,0.000000,1.000000>,<18.050000>,<IgG_Antibody_1mer>,<0>,<86538>
<-235.567271,479.438344,374.927534>,<-0.080693,0.972056,0.220444,0.000000,-0.751038,-0.204702,0.627725,0.000000,0.655310,-0.114909,0.746569,0.000000,0.000000,0.000000,0.000000,1.000000>,<18.050000>,<IgG_Antibody_1mer>,<0>,<57984>
<192.700922,432.698397,-426.767083>,<-0.779031,-0.222519,-0.586170,0.000000,-0.626249,0.321444,0.710272,0.000000,0.030372,0.920413,-0.389767,0.000000,0.000000,0.000000,0.000000,1.000000>,<36.050000>,<i1ysx_23kD>,<0>,<26669>
<-233.813150,127.538290,553.456251>,<0.738715,0.379372,0.557115,0.000000,0.673739,-0.391831,-0.626533,0.000000,-0.019394,0.838180,-0.545049,0.000000,0.000000,0.000000,0.000000,1.000000>,<18.050000>,<IgG_Antibody_1mer>,<0>,<64380>
<-69.062159,-371.499191,21.068415>,<-0.450326,0.887824,0.094733,0.000000,0.853816,0.459235,-0.245157,0.000000,-0.261161,-0.029516,-0.964844,0.000000,0.000000,0.000000,0.000000,1.000000>,<50.740000>,<i7aat_91kD>,<0>,<43820>
<-139.042946,-486.389335,504.119291>,<-0.706983,0.247106,-0.662657,0.000000,0.687348,0.019467,-0.726067,0.000000,-0.166516,-0.968793,-0.183610,0.000000,0.000000,0.000000,0.000000,1.000000>,<18.050000>,<IgG_Antibody_1mer>,<0>,<62719>
<-355.445131,-318.859960,1131.647496>,<0.496008,0.350573,-0.794402,0.000000,-0.515732,-0.617081,-0.594333,0.000000,-0.698567,0.704493,-0.125276,0.000000,0.000000,0.000000,0.000000,1.000000>,<18.050000>,<IgG_Antibody_1mer>,<0>,<86346>
<28.233137,118.367788,102.610594>,<0.290891,-0.452749,-0.842853,0.000000,0.815587,-0.343225,0.465848,0.000000,-0.500200,-0.822931,0.269415,0.000000,0.000000,0.000000,0.000000,1.000000>,<18.050000>,<IgG_Antibody_1mer>,<0>,<47619>
<-151.982270,534.030677,1063.137803>,<0.338635,-0.569108,-0.749294,0.000000,-0.480973,0.579740,-0.657698,0.000000,0.808697,0.583110,-0.077406,0.000000,0.000000,0.000000,0.000000,1.000000>,<18.050000>,<IgG_Antibody_1mer>,<0>,<84871>
<-183.450524,-81.264880,1115.725658>,<0.380649,-0.279129,0.881586,0.000000,0.553904,-0.694576,-0.459080,0.000000,0.740471,0.663062,-0.109779,0.000000,0.000000,0.000000,0.000000,1.000000>,<18.050000>,<IgG_Antibody_1mer>,<0>,<86560>
<256.674240,239.943718,480.613434>,<0.598842,0.598551,0.532095,0.000000,0.006513,0.660737,-0.750589,0.000000,-0.800841,0.452950,0.391778,0.000000,0.000000,0.000000,0.000000,1.000000>,<18.050000>,<IgG_Antibody_1mer>,<0>,<62265>
<-121.386152,613.805077,580.092533>,<0.256548,0.966183,-0.025951,0.000000,0.103230,-0.054086,-0.993186,0.000000,-0.961003,0.252121,-0.113615,0.000000,0.000000,0.000000,0.000000,1.000000>,<18.050000>,<IgG_Antibody_1mer>,<0>,<65944>
<-87.628922,530.064122,-690.173307>,<0.812327,0.184140,-0.553369,0.000000,-0.429275,-0.453495,-0.781067,0.000000,-0.394775,0.872029,-0.289339,0.000000,0.000000,0.000000,0.000000,1.000000>,<18.050000>,<IgG_Antibody_1mer>,<0>,<16675>
<-300.083752,-431.316789,-29.904537>,<-0.031245,-0.788157,0.614681,0.000000,0.124332,0.607140,0.784808,0.000000,-0.991749,0.100946,0.079023,0.000000,0.000000,0.000000,0.000000,1.000000>,<50.360000>,<Transferrin>,<0>,<41524>
<250.370179,-578.989486,1132.994821>,<0.559098,-0.715974,-0.418080,0.000000,0.526853,-0.082555,0.845938,0.000000,-0.640184,-0.693228,0.331057,0.000000,0.000000,0.000000,0.000000,1.000000>,<36.050000>,<i1ysx_23kD>,<0>,<86133>
<-70.755949,323.350974,178.192598>,<-0.339845,0.763713,-0.548861,0.000000,0.054741,-0.566543,-0.822212,0.000000,-0.938887,-0.309470,0.150730,0.000000,0.000000,0.000000,0.000000,1.000000>,<18.050000>,<IgG_Antibody_1mer>,<0>,<50034>
<372.425273,158.005653,475.102348>,<-0.162440,0.326066,-0.931286,0.000000,0.958453,0.276427,-0.070394,0.000000,0.234480,-0.904029,-0.357422,0.000000,0.000000,0.000000,0.000000,1.000000>,<39.170000>,<AntiTrypsin>,<0>,<62191>
<-252.881239,575.320312,130.028986>,<0.273466,0.346198,0.897420,0.000000,0.094899,0.918722,-0.383333,0.000000,-0.957189,0.189993,0.218386,0.000000,0.000000,0.000000,0.000000,1.000000>,<18.050000>,<IgG_Antibody_1mer>,<0>,<49143>
<216.004120,557.090255,-680.012781>,<-0.269984,0.324035,-0.906703,0.000000,0.958274,0.182271,-0.220200,0.000000,0.093913,-0.928320,-0.359725,0.000000,0.000000,0.000000,0.000000,1.000000>,<37.520000>,<i2tsc_63kD>,<0>,<17830>
<192.326214,-619.196113,512.015041>,<0.331599,-0.288893,0.898100,0.000000,0.779988,-0.451570,-0.433247,0.000000,0.530717,0.844171,0.075593,0.000000,0.000000,0.000000,0.000000,1.000000>,<18.050000>,<IgG_Antibody_1mer>,<0>,<62627>
<313.039391,-158.159654,301.859259>,<0.855688,-0.229843,-0.463648,0.000000,-0.515031,-0.290986,-0.806269,0.000000,0.050400,0.928708,-0.367370,0.000000,0.000000,0.000000,0.000000,1.000000>,<37.520000>,<i2tsc_63kD>,<0>,<55221>
<-278.558711,-107.599796,197.959699>,<0.869488,-0.359020,-0.339256,0.000000,-0.283976,0.198646,-0.938029,0.000000,0.404163,0.911945,0.070767,0.000000,0.000000,0.000000,0.000000,1.000000>,<18.050000>,<IgG_Antibody_1mer>,<0>,<50754>
<-294.306897,134.294585,540.041619>,<-0.237009,0.062465,-0.969497,0.000000,-0.365637,-0.930292,0.029446,0.000000,-0.900076,0.361463,0.243327,0.000000,0.000000,0.000000,0.000000,1.000000>,<42.880000>,<i1smd_56kD>,<0>,<64378>
<168.033902,-249.170162,-34.690633>,<0.890086,-0.435709,0.133806,0.000000,-0.378009,-0.541635,0.750827,0.000000,-0.254668,-0.718881,-0.646804,0.000000,0.000000,0.000000,0.000000,1.000000>,<18.050000>,<IgG_Antibody_1mer>,<0>,<41696>
<218.187396,556.679424,-410.097342>,<0.683729,-0.729727,-0.003706,0.000000,0.385386,0.356771,0.850994,0.000000,-0.619671,-0.583278,0.525162,0.000000,0.000000,0.000000,0.000000,1.000000>,<18.050000>,<IgG_Antibody_1mer>,<0>,<27892>
<-226.600298,42.713342,962.629143>,<0.964481,-0.236119,0.118426,0.000000,0.007014,0.471056,0.882075,0.000000,-0.264060,-0.849914,0.455981,0.000000,0.000000,0.000000,0.000000,1.000000>,<50.360000>,<Transferrin>,<0>,<79954>
<-30.784513,-547.086263,684.163939>,<-0.495333,0.851877,-0.170149,0.000000,0.312550,-0.007986,-0.949868,0.000000,-0.810530,-0.523681,-0.262298,0.000000,0.000000,0.000000,0.000000,1.000000>,<18.050000>,<IgG_Antibody_1mer>,<0>,<69379>
<-310.691177,-568.019833,752.108813>,<-0.907482,0.137160,-0.397069,0.000000,-0.419596,-0.341847,0.840881,0.000000,-0.020402,0.929692,0.367772,0.000000,0.000000,0.000000,0.000000,1.000000>,<50.740000>,<i7aat_91kD>,<0>,<71579>
<25.086967,-402.545882,801.241828>,<0.990905,0.076241,-0.110880,0.000000,0.124078,-0.836570,0.533624,0.000000,-0.052075,-0.542529,-0.838422,0.000000,0.000000,0.000000,0.000000,1.000000>,<18.050000>,<IgG_Antibody_1mer>,<0>,<73983>
<80.512279,-513.301072,252.306950>,<0.615574,0.336301,-0.712720,0.000000,-0.137732,0.936367,0.322871,0.000000,0.775950,-0.100586,0.622723,0.000000,0.000000,0.000000,0.000000,1.000000>,<18.050000>,<IgG_Antibody_1mer>,<0>,<52639>
<161.515608,253.015548,-169.619822>,<-0.816382,0.284091,-0.502805,0.000000,0.298395,0.952918,0.053919,0.000000,0.494450,-0.106016,-0.862717,0.000000,0.000000,0.000000,0.000000,1.000000>,<18.050000>,<IgG_Antibody_1mer>,<0>,<36574>
<137.026533,-229.791865,871.789438>,<-0.764623,-0.416865,0.491502,0.000000,0.638129,-0.382927,0.667951,0.000000,-0.090236,0.824373,0.558809,0.000000,0.000000,0.000000,0.000000,1.000000>,<39.170000>,<AntiTrypsin>,<0>,<76379>
<-286.755151,-609.804503,-95.515897>,<0.003920,0.863988,-0.503498,0.000000,-0.237318,0.489921,0.838843,0.000000,0.971424,0.116200,0.206960,0.000000,0.000000,0.000000,0.000000,1.000000>,<50.740000>,<i7aat_91kD>,<0>,<39132>
<377.727653,-243.605953,-205.876903>,<-0.921706,-0.133968,0.364020,0.000000,0.381711,-0.146438,0.912608,0.000000,-0.068953,0.980106,0.186110,0.000000,0.000000,0.000000,0.000000,1.000000>,<18.050000>,<IgG_Antibody_1mer>,<0>,<34995>
<-327.109650,186.576145,572.056997>,<-0.355268,-0.484574,0.799358,0.000000,-0.922009,0.040867,-0.385006,0.000000,0.153897,-0.873795,-0.461300,0.000000,0.000000,0.000000,0.000000,1.000000>,<42.880000>,<i1smd_56kD>,<0>,<65547>
<79.837017,368.029161,315.269172>,<0.691714,0.093985,0.716030,0.000000,0.510314,-0.765169,-0.392550,0.000000,0.510990,0.636933,-0.577240,0.000000,0.000000,0.000000,0.000000,1.000000>,<42.880000>,<i1smd_56kD>,<0>,<55655>
<-209.596633,-306.444054,443.143615>,<0.004208,0.831289,0.555825,0.000000,0.402079,-0.510326,0.760197,0.000000,0.915595,0.220286,-0.336391,0.000000,0.000000,0.000000,0.000000,1.000000>,<50.740000>,<i7aat_91kD>,<0>,<59519>
<89.768932,-478.548917,828.772248>,<-0.386806,0.036672,0.921432,0.000000,0.920913,0.067325,0.383909,0.000000,-0.047956,0.997057,-0.059813,0.000000,0.000000,0.000000,0.000000,1.000000>,<50.360000>,<Transferrin>,<0>,<75025>
<387.383479,404.160771,667.547504>,<0.821815,-0.441777,-0.359797,0.000000,0.385898,0.896183,-0.218947,0.000000,0.419170,0.041089,0.906978,0.000000,0.000000,0.000000,0.000000,1.000000>,<18.050000>,<IgG_Antibody_1mer>,<0>,<69133>
<21.696818,-312.750491,208.201207>,<-0.077034,-0.201291,-0.976498,0.000000,-0.615973,-0.760528,0.205365,0.000000,-0.783991,0.617317,-0.065403,0.000000,0.000000,0.000000,0.000000,1.000000>,<37.520000>,<i2tsc_63kD>,<0>,<50583>
<311.972076,592.422558,871.391591>,<0.551574,0.818718,0.159583,0.000000,0.831388,-0.555096,-0.025721,0.000000,0.067526,0.146863,-0.986849,0.000000,0.000000,0.000000,0.000000,1.000000>,<18.050000>,<IgG_Antibody_1mer>,<0>,<77113>
<341.716790,582.902908,72.254533>,<0.444086,-0.857307,-0.260409,0.000000,-0.884816,-0.465366,0.023142,0.000000,-0.141025,0.220137,-0.965221,0.000000,0.000000,0.000000,0.000000,1.000000>,<18.050000>,<IgG_Antibody_1mer>,<0>,<46928>
<97.233462,542.061374,-381.983442>,<-0.041338,0.745149,0.665615,0.000000,0.601064,-0.513611,0.612312,0.000000,0.798131,0.425389,-0.426650,0.000000,0.000000,0.000000,0.000000,1.000000>,<18.050000>,<IgG_Antibody_1mer>,<0>,<28980>
<-117.709031,317.720632,114.515188>,<0.176658,0.067687,-0.981942,0.000000,0.912966,0.361537,0.189170,0.000000,0.367812,-0.929898,0.002072,0.000000,0.000000,0.000000,0.000000,1.000000>,<36.050000>,<i1ysx_23kD>,<0>,<47796>
<219.664725,-560.045424,1053.376455>,<0.447158,0.859949,0.246043,0.000000,-0.387801,-0.061487,0.919690,0.000000,0.806015,-0.506662,0.305995,0.000000,0.000000,0.000000,0.000000,1.000000>,<36.050000>,<i1ysx_23kD>,<0>,<83896>
<219.050675,-116.138300,-166.991024>,<0.889383,0.342477,0.302831,0.000000,-0.199353,0.886655,-0.417255,0.000000,-0.411407,0.310729,0.856850,0.000000,0.000000,0.000000,0.000000,1.000000>,<39.170000>,<AntiTrypsin>,<0>,<36238>
<32.510094,165.661908,-39.359007>,<-0.940842,0.129457,-0.313140,0.000000,0.116951,-0.743286,-0.658672,0.000000,-0.318022,-0.656329,0.684175,0.000000,0.000000,0.000000,0.000000,1.000000>,<50.360000>,<Transferrin>,<0>,<42081>
<-126.520415,156.045086,681.750283>,<0.146627,-0.214004,-0.965765,0.000000,0.140193,-0.961967,0.234447,0.000000,-0.979207,-0.169770,-0.111049,0.000000,0.000000,0.000000,0.000000,1.000000>,<18.050000>,<IgG_Antibody_1mer>,<0>,<70000>
