{
    "MycoplasmaPackSurf_1_med_innerRecipe": {},
    "MycoplasmaPackSurf_1_med_surfaceRecipe": {
        "Ves203MeshsParent": {
            "compNum": 2,
            "results": [
                [
                    [
                        177.42419724562512,
                        -1107.941477149064,
                        470.40494562337943
                    ],
                    [
                        [
                            0.15917754173278809,
                            -0.98723918199539185,
                            0.0046183839440345764,
                            0.0
                        ],
                        [
                            0.3802129328250885,
                            0.056985113769769669,
                            -0.92314177751541138,
                            0.0
                        ],
                        [
                            0.91109853982925415,
                            0.14869941771030426,
                            0.38443183898925781,
                            0.0
                        ],
                        [
                            0.0,
                            0.0,
                            0.0,
                            1.0
                        ]
                    ]
                ],
                [
                    [
                        682.54350422000323,
                        -471.64561449947695,
                        898.65806300803501
                    ],
                    [
                        [
                            -0.53426426649093628,
                            -0.44508346915245056,
                            0.71865320205688477,
                            0.0
                        ],
                        [
                            0.17345833778381348,
                            -0.8897901177406311,
                            -0.42212057113647461,
                            0.0
                        ],
                        [
                            0.82732939720153809,
                            -0.10086755454540253,
                            0.55258643627166748,
                            0.0
                        ],
                        [
                            0.0,
                            0.0,
                            0.0,
                            1.0
                        ]
                    ]
                ],
                [
                    [
                        284.61640196238369,
                        64.963087186906151,
                        -1291.1832279787207
                    ],
                    [
                        [
                            0.97063630819320679,
                            0.21766036748886108,
                            0.10241656750440598,
                            0.0
                        ],
                        [
                            0.21896167099475861,
                            -0.97573232650756836,
                            -0.0015027150511741638,
                            0.0
                        ],
                        [
                            0.09960407018661499,
                            0.023883890360593796,
                            -0.99474042654037476,
                            0.0
                        ],
                        [
                            0.0,
                            0.0,
                            0.0,
                            1.0
                        ]
                    ]
                ],
                [
                    [
                        996.66423093624303,
                        196.93145387618864,
                        -699.60098595678744
                    ],
                    [
                        [
                            -0.52157515287399292,
                            -0.067417047917842865,
                            0.85053759813308716,
                            0.0
                        ],
                        [
                            0.019353486597537994,
                            0.9956820011138916,
                            0.090789914131164551,
                            0.0
                        ],
                        [
                            -0.85298573970794678,
                            0.063814632594585419,
                            -0.51801830530166626,
                            0.0
                        ],
                        [
                            0.0,
                            0.0,
                            0.0,
                            1.0
                        ]
                    ]
                ],
                [
                    [
                        1033.1179564271681,
                        -344.19406533431584,
                        565.35012863307304
                    ],
                    [
                        [
                            0.56744056940078735,
                            0.057741813361644745,
                            0.82138735055923462,
                            0.0
                        ],
                        [
                            0.44493302702903748,
                            0.81786662340164185,
                            -0.36486825346946716,
                            0.0
                        ],
                        [
                            -0.69285339117050171,
                            0.57250338792800903,
                            0.43839946389198303,
                            0.0
                        ],
                        [
                            0.0,
                            0.0,
                            0.0,
                            1.0
                        ]
                    ]
                ],
                [
                    [
                        582.68293668631952,
                        1074.2069767400487,
                        -276.28032747652475
                    ],
                    [
                        [
                            0.68645763397216797,
                            0.51273804903030396,
                            0.51563119888305664,
                            0.0
                        ],
                        [
                            -0.25725290179252625,
                            -0.49200013279914856,
                            0.83171921968460083,
                            0.0
                        ],
                        [
                            0.6801447868347168,
                            -0.70358765125274658,
                            -0.20583391189575195,
                            0.0
                        ],
                        [
                            0.0,
                            0.0,
                            0.0,
                            1.0
                        ]
                    ]
                ],
                [
                    [
                        1111.9595678842736,
                        461.07723877737158,
                        -53.064629482743882
                    ],
                    [
                        [
                            -0.013631517067551613,
                            -0.35873976349830627,
                            0.93333804607391357,
                            0.0
                        ],
                        [
                            -0.26600217819213867,
                            0.90109050273895264,
                            0.34245997667312622,
                            0.0
                        ],
                        [
                            -0.96387600898742676,
                            -0.24360175430774689,
                            -0.10770879685878754,
                            0.0
                        ],
                        [
                            0.0,
                            0.0,
                            0.0,
                            1.0
                        ]
                    ]
                ],
                [
                    [
                        435.54620695684611,
                        324.48158762478118,
                        -1172.8175106194929
                    ],
                    [
                        [
                            -0.72038263082504272,
                            -0.56968194246292114,
                            0.39561519026756287,
                            0.0
                        ],
                        [
                            -0.49816086888313293,
                            0.82186281681060791,
                            0.27636438608169556,
                            0.0
                        ],
                        [
                            -0.48258122801780701,
                            0.0020080581307411194,
                            -0.87584894895553589,
                            0.0
                        ],
                        [
                            0.0,
                            0.0,
                            0.0,
                            1.0
                        ]
                    ]
                ],
                [
                    [
                        1128.2435359759754,
                        -282.0418730944661,
                        -454.94552476133697
                    ],
                    [
                        [
                            0.3329392671585083,
                            -0.4653603732585907,
                            0.82011657953262329,
                            0.0
                        ],
                        [
                            -0.67166715860366821,
                            -0.72748124599456787,
                            -0.14012220501899719,
                            0.0
                        ],
                        [
                            0.66182667016983032,
                            -0.50419324636459351,
                            -0.55477434396743774,
                            0.0
                        ],
                        [
                            0.0,
                            0.0,
                            0.0,
                            1.0
                        ]
                    ]
                ],
                [
                    [
                        450.87569903371553,
                        -1106.8674299389941,
                        36.896114586291382
                    ],
                    [
                        [
                            0.023573275655508041,
                            0.96588104963302612,
                            0.25791123509407043,
                            0.0
                        ],
                        [
                            0.0083569586277008057,
                            0.25778350234031677,
                            -0.96616655588150024,
                            0.0
                        ],
                        [
                            -0.99968713521957397,
                            0.024930998682975769,
                            -0.0019950196146965027,
                            0.0
                        ],
                        [
                            0.0,
                            0.0,
                            0.0,
                            1.0
                        ]
                    ]
                ],
                [
                    [
                        213.76545313225554,
                        474.41700218023834,
                        -1182.5303802855792
                    ],
                    [
                        [
                            0.11946853250265121,
                            -0.98398876190185547,
                            0.13226254284381866,
                            0.0
                        ],
                        [
                            -0.92604315280914307,
                            -0.062400892376899719,
                            0.37222340703010559,
                            0.0
                        ],
                        [
                            -0.35801032185554504,
                            -0.1669498085975647,
                            -0.91867095232009888,
                            0.0
                        ],
                        [
                            0.0,
                            0.0,
                            0.0,
                            1.0
                        ]
                    ]
                ],
                [
                    [
                        1150.0330859007724,
                        341.59215419762666,
                        -180.54174850435052
                    ],
                    [
                        [
                            0.31841695308685303,
                            -0.070096634328365326,
                            0.94535553455352783,
                            0.0
                        ],
                        [
                            -0.93975478410720825,
                            -0.15419679880142212,
                            0.3050970733165741,
                            0.0
                        ],
                        [
                            0.12438453733921051,
                            -0.98555052280426025,
                            -0.11497253179550171,
                            0.0
                        ],
                        [
                            0.0,
                            0.0,
                            0.0,
                            1.0
                        ]
                    ]
                ],
                [
                    [
                        387.94022358932324,
                        -508.31049503344838,
                        1073.4057702665289
                    ],
                    [
                        [
                            -0.2373211532831192,
                            -0.91318094730377197,
                            0.33132928609848022,
                            0.0
                        ],
                        [
                            0.86281377077102661,
                            -0.35486280918121338,
                            -0.36003458499908447,
                            0.0
                        ],
                        [
                            0.44635319709777832,
                            0.20043163001537323,
                            0.87212151288986206,
                            0.0
                        ],
                        [
                            0.0,
                            0.0,
                            0.0,
                            1.0
                        ]
                    ]
                ],
                [
                    [
                        1078.2721897840649,
                        498.24477434678806,
                        437.05351644705826
                    ],
                    [
                        [
                            0.15160423517227173,
                            0.53260970115661621,
                            0.83267229795455933,
                            0.0
                        ],
                        [
                            -0.72481173276901245,
                            -0.51286756992340088,
                            0.46001619100570679,
                            0.0
                        ],
                        [
                            0.67205965518951416,
                            -0.67327094078063965,
                            0.30828884243965149,
                            0.0
                        ],
                        [
                            0.0,
                            0.0,
                            0.0,
                            1.0
                        ]
                    ]
                ],
                [
                    [
                        574.29241136471978,
                        1062.4367363569954,
                        -354.58507768041505
                    ],
                    [
                        [
                            0.50149297714233398,
                            -0.70735126733779907,
                            0.49815565347671509,
                            0.0
                        ],
                        [
                            -0.50535786151885986,
                            0.22785462439060211,
                            0.83228343725204468,
                            0.0
                        ],
                        [
                            -0.70222371816635132,
                            -0.66913110017776489,
                            -0.24319805204868317,
                            0.0
                        ],
                        [
                            0.0,
                            0.0,
                            0.0,
                            1.0
                        ]
                    ]
                ],
                [
                    [
                        620.18186695146221,
                        -387.00746337121268,
                        -1000.3681006904387
                    ],
                    [
                        [
                            -0.7233046293258667,
                            -0.26703384518623352,
                            0.63680720329284668,
                            0.0
                        ],
                        [
                            -0.58853191137313843,
                            0.72076684236526489,
                            -0.36623123288154602,
                            0.0
                        ],
                        [
                            -0.36119338870048523,
                            -0.63967806100845337,
                            -0.67849189043045044,
                            0.0
                        ],
                        [
                            0.0,
                            0.0,
                            0.0,
                            1.0
                        ]
                    ]
                ],
                [
                    [
                        253.33893412651631,
                        -412.86555608503937,
                        -1216.8649668699204
                    ],
                    [
                        [
                            0.78743010759353638,
                            -0.50318437814712524,
                            0.35603266954421997,
                            0.0
                        ],
                        [
                            -0.33896711468696594,
                            -0.83590292930603027,
                            -0.431703120470047,
                            0.0
                        ],
                        [
                            0.51483500003814697,
                            0.21925267577171326,
                            -0.82877814769744873,
                            0.0
                        ],
                        [
                            0.0,
                            0.0,
                            0.0,
                            1.0
                        ]
                    ]
                ],
                [
                    [
                        1062.1191850125385,
                        -576.13791634439383,
                        -426.31330605965195
                    ],
                    [
                        [
                            -0.57431501150131226,
                            0.093246251344680786,
                            0.81330645084381104,
                            0.0
                        ],
                        [
                            -0.48044568300247192,
                            0.76600700616836548,
                            -0.42708924412727356,
                            0.0
                        ],
                        [
                            -0.6628229022026062,
                            -0.63603335618972778,
                            -0.39512956142425537,
                            0.0
                        ],
                        [
                            0.0,
                            0.0,
                            0.0,
                            1.0
                        ]
                    ]
                ],
                [
                    [
                        1176.5838048647208,
                        -80.220836672630142,
                        394.64598037108601
                    ],
                    [
                        [
                            -0.092404663562774658,
                            0.22295102477073669,
                            0.97044014930725098,
                            0.0
                        ],
                        [
                            -0.96360993385314941,
                            -0.26553803682327271,
                            -0.030749008059501648,
                            0.0
                        ],
                        [
                            0.25083324313163757,
                            -0.93796712160110474,
                            0.23937475681304932,
                            0.0
                        ],
                        [
                            0.0,
                            0.0,
                            0.0,
                            1.0
                        ]
                    ]
                ],
                [
                    [
                        308.37071292775767,
                        -635.99392634650223,
                        1025.1233392894035
                    ],
                    [
                        [
                            0.20083718001842499,
                            -0.97906023263931274,
                            0.033248797059059143,
                            0.0
                        ],
                        [
                            0.79944705963134766,
                            0.1441880464553833,
                            -0.5831758975982666,
                            0.0
                        ],
                        [
                            0.56617021560668945,
                            0.14370407164096832,
                            0.8116651177406311,
                            0.0
                        ],
                        [
                            0.0,
                            0.0,
                            0.0,
                            1.0
                        ]
                    ]
                ],
                [
                    [
                        1101.2188530178541,
                        203.28388142940591,
                        597.7202124930044
                    ],
                    [
                        [
                            -0.097045518457889557,
                            0.54249399900436401,
                            0.83443546295166016,
                            0.0
                        ],
                        [
                            -0.82138669490814209,
                            -0.51711207628250122,
                            0.24066369235515594,
                            0.0
                        ],
                        [
                            0.56205528974533081,
                            -0.66203874349594116,
                            0.49578070640563965,
                            0.0
                        ],
                        [
                            0.0,
                            0.0,
                            0.0,
                            1.0
                        ]
                    ]
                ],
                [
                    [
                        337.81043425105935,
                        803.36805304136931,
                        918.18970558207673
                    ],
                    [
                        [
                            -0.011877407319843769,
                            -0.98089706897735596,
                            0.19416448473930359,
                            0.0
                        ],
                        [
                            0.76354992389678955,
                            0.11648093909025192,
                            0.63515645265579224,
                            0.0
                        ],
                        [
                            -0.64563953876495361,
                            0.1557982861995697,
                            0.74758046865463257,
                            0.0
                        ],
                        [
                            0.0,
                            0.0,
                            0.0,
                            1.0
                        ]
                    ]
                ],
                [
                    [
                        1175.8692655917421,
                        -439.8987675765585,
                        0.44338291673201025
                    ],
                    [
                        [
                            -0.50982195138931274,
                            -0.11220156401395798,
                            0.8529316782951355,
                            0.0
                        ],
                        [
                            -0.75872761011123657,
                            -0.40866479277610779,
                            -0.50727260112762451,
                            0.0
                        ],
                        [
                            0.40547987818717957,
                            -0.90576153993606567,
                            0.12321583926677704,
                            0.0
                        ],
                        [
                            0.0,
                            0.0,
                            0.0,
                            1.0
                        ]
                    ]
                ],
                [
                    [
                        906.16627606529278,
                        338.10297735821138,
                        -800.36875807358228
                    ],
                    [
                        [
                            -0.64278054237365723,
                            0.14052499830722809,
                            0.7530510425567627,
                            0.0
                        ],
                        [
                            0.37423479557037354,
                            0.91534644365310669,
                            0.14862444996833801,
                            0.0
                        ],
                        [
                            -0.66841715574264526,
                            0.37735080718994141,
                            -0.64095610380172729,
                            0.0
                        ],
                        [
                            0.0,
                            0.0,
                            0.0,
                            1.0
                        ]
                    ]
                ],
                [
                    [
                        463.90443068326903,
                        1015.0746507480309,
                        604.43990270078825
                    ],
                    [
                        [
                            -0.69171428680419922,
                            0.63272744417190552,
                            0.34811985492706299,
                            0.0
                        ],
                        [
                            -0.19633254408836365,
                            -0.62865149974822998,
                            0.75249648094177246,
                            0.0
                        ],
                        [
                            0.69497126340866089,
                            0.45216527581214905,
                            0.55907213687896729,
                            0.0
                        ],
                        [
                            0.0,
                            0.0,
                            0.0,
                            1.0
                        ]
                    ]
                ],
                [
                    [
                        971.02704447380904,
                        -76.298125642828978,
                        -750.9028811074445
                    ],
                    [
                        [
                            0.73112684488296509,
                            -0.077796764671802521,
                            0.67779135704040527,
                            0.0
                        ],
                        [
                            0.178794264793396,
                            -0.93690532445907593,
                            -0.30040144920349121,
                            0.0
                        ],
                        [
                            0.65839654207229614,
                            0.34081679582595825,
                            -0.67108708620071411,
                            0.0
                        ],
                        [
                            0.0,
                            0.0,
                            0.0,
                            1.0
                        ]
                    ]
                ],
                [
                    [
                        718.15881611806356,
                        -632.84871277411571,
                        765.48917392329395
                    ],
                    [
                        [
                            0.80915820598602295,
                            -0.14569118618965149,
                            0.56924253702163696,
                            0.0
                        ],
                        [
                            0.51468896865844727,
                            0.64310836791992188,
                            -0.5670158863067627,
                            0.0
                        ],
                        [
                            -0.28347539901733398,
                            0.75178837776184082,
                            0.59536200761795044,
                            0.0
                        ],
                        [
                            0.0,
                            0.0,
                            0.0,
                            1.0
                        ]
                    ]
                ],
                [
                    [
                        434.34962545730963,
                        -1.5165405264425098,
                        1183.8476062620373
                    ],
                    [
                        [
                            0.0043297582305967808,
                            0.942421555519104,
                            0.33439922332763672,
                            0.0
                        ],
                        [
                            -0.99766319990158081,
                            0.026873093098402023,
                            -0.062817558646202087,
                            0.0
                        ],
                        [
                            -0.068186968564987183,
                            -0.33334577083587646,
                            0.94033569097518921,
                            0.0
                        ],
                        [
                            0.0,
                            0.0,
                            0.0,
                            1.0
                        ]
                    ]
                ],
                [
                    [
                        485.72108564317841,
                        -915.25866281069761,
                        -707.18015762522748
                    ],
                    [
                        [
                            0.067666575312614441,
                            0.95075297355651855,
                            0.30247315764427185,
                            0.0
                        ],
                        [
                            0.66312825679779053,
                            0.18365493416786194,
                            -0.72562509775161743,
                            0.0
                        ],
                        [
                            -0.74544084072113037,
                            0.24967905879020691,
                            -0.61804395914077759,
                            0.0
                        ],
                        [
                            0.0,
                            0.0,
                            0.0,
                            1.0
                        ]
                    ]
                ],
                [
                    [
                        433.13609351456944,
                        320.72602528088743,
                        1150.4381729163092
                    ],
                    [
                        [
                            -0.038406234234571457,
                            -0.97141838073730469,
                            0.23424640297889709,
                            0.0
                        ],
                        [
                            0.9700695276260376,
                            0.020003192126750946,
                            0.24200235307216644,
                            0.0
                        ],
                        [
                            -0.23977120220661163,
                            0.23652966320514679,
                            0.94157493114471436,
                            0.0
                        ],
                        [
                            0.0,
                            0.0,
                            0.0,
                            1.0
                        ]
                    ]
                ],
                [
                    [
                        1048.9073539481039,
                        -719.08853534587604,
                        -195.4875728760021
                    ],
                    [
                        [
                            -0.67458271980285645,
                            0.20330354571342468,
                            0.7096518874168396,
                            0.0
                        ],
                        [
                            -0.64141619205474854,
                            0.31443163752555847,
                            -0.699798583984375,
                            0.0
                        ],
                        [
                            -0.36540856957435608,
                            -0.92725419998168945,
                            -0.081707954406738281,
                            0.0
                        ],
                        [
                            0.0,
                            0.0,
                            0.0,
                            1.0
                        ]
                    ]
                ],
                [
                    [
                        906.23194706729851,
                        157.68733806371552,
                        868.95385599009103
                    ],
                    [
                        [
                            0.53173398971557617,
                            -0.46760308742523193,
                            0.70612061023712158,
                            0.0
                        ],
                        [
                            0.60044997930526733,
                            0.79613274335861206,
                            0.075050085783004761,
                            0.0
                        ],
                        [
                            -0.59725934267044067,
                            0.38408342003822327,
                            0.70410311222076416,
                            0.0
                        ],
                        [
                            0.0,
                            0.0,
                            0.0,
                            1.0
                        ]
                    ]
                ],
                [
                    [
                        596.05598095727851,
                        -58.704347973848449,
                        1112.6673555629307
                    ],
                    [
                        [
                            0.092518769204616547,
                            0.80680614709854126,
                            0.58352726697921753,
                            0.0
                        ],
                        [
                            -0.98947083950042725,
                            0.14000429213047028,
                            -0.036693572998046875,
                            0.0
                        ],
                        [
                            -0.11130093783140182,
                            -0.57398831844329834,
                            0.81126415729522705,
                            0.0
                        ],
                        [
                            0.0,
                            0.0,
                            0.0,
                            1.0
                        ]
                    ]
                ],
                [
                    [
                        543.40407587323864,
                        57.713369892883222,
                        1143.1521428581091
                    ],
                    [
                        [
                            0.84870421886444092,
                            0.36823239922523499,
                            0.37961301207542419,
                            0.0
                        ],
                        [
                            -0.36759382486343384,
                            0.92677974700927734,
                            -0.077162504196166992,
                            0.0
                        ],
                        [
                            -0.38023138046264648,
                            -0.074055269360542297,
                            0.92192184925079346,
                            0.0
                        ],
                        [
                            0.0,
                            0.0,
                            0.0,
                            1.0
                        ]
                    ]
                ],
                [
                    [
                        1155.1047964262793,
                        162.50340694107223,
                        -395.79834450801155
                    ],
                    [
                        [
                            -0.16683551669120789,
                            -0.28428590297698975,
                            0.94411200284957886,
                            0.0
                        ],
                        [
                            -0.67220044136047363,
                            0.73330610990524292,
                            0.10202354192733765,
                            0.0
                        ],
                        [
                            -0.72132694721221924,
                            -0.61761140823364258,
                            -0.31343859434127808,
                            0.0
                        ],
                        [
                            0.0,
                            0.0,
