<000.000000,000.000000,000.000000>,<1.00,0.00,0.00,0.000000,0.00,1.00,0.00,0.000000,0.00,0.00,1.00,0.000000,0.000000,0.000000,0.000000,1.000000>,<0.00>,<HIV_Envelope_1.0>,<1>,<0>  *****SURFACE REPRESENTATIONS
<000.000000,000.000000,000.000000>,<1.00,0.00,0.00,0.000000,0.00,1.00,0.00,0.000000,0.00,0.00,1.00,0.000000,0.000000,0.000000,0.000000,1.000000>,<0.00>,<HIV_NucleoCapsidePackMeshOut_1.0rot>,<1>,<0>
<000.000000,000.000000,000.000000>,<1.00,0.00,0.00,0.000000,0.00,1.00,0.00,0.000000,0.00,0.00,1.00,0.000000,0.000000,0.000000,0.000000,1.000000>,<0.00>,<HIV_NucleoCapsidePackMeshIn_1.0rot>,<1>,<0>

<345.700248,-155.662495,-588.444045>,<-0.863159,0.357269,-0.356812,0.000000,0.249323,-0.312932,-0.916467,0.000000,-0.439083,-0.880019,0.181034,0.000000,0.000000,0.000000,0.000000,1.000000>,<28.360000>,<iSUTM>,<1>,<1133557> *****SURFACE Surf: Spike protein
<447.185010,-517.397903,-148.984464>,<-0.650699,0.604455,0.459592,0.000000,-0.639187,-0.762756,0.098201,0.000000,0.409914,-0.229866,0.882684,0.000000,0.000000,0.000000,0.000000,1.000000>,<28.360000>,<iSUTM>,<1>,<1133061>
<198.876256,178.657315,-646.900131>,<-0.645466,0.398089,0.651843,0.000000,-0.629066,0.206949,-0.749298,0.000000,-0.433186,-0.893699,0.116845,0.000000,0.000000,0.000000,0.000000,1.000000>,<28.360000>,<iSUTM>,<1>,<1134207>
<350.121625,-492.501347,-353.340664>,<0.038868,0.441501,0.896419,0.000000,-0.597839,-0.708550,0.374894,0.000000,0.800674,-0.550485,0.236407,0.000000,0.000000,0.000000,0.000000,1.000000>,<28.360000>,<iSUTM>,<1>,<1133445>
<650.156057,-250.551144,67.469670>,<-0.064017,0.910682,0.408117,0.000000,0.438738,-0.341630,0.831142,0.000000,0.896332,0.232264,-0.377681,0.000000,0.000000,0.000000,0.000000,1.000000>,<28.360000>,<iSUTM>,<1>,<1134444>
<313.881656,361.100714,-510.968277>,<-0.880434,0.368067,-0.298936,0.000000,0.443737,0.417350,-0.793043,0.000000,-0.167132,-0.830871,-0.530774,0.000000,0.000000,0.000000,0.000000,1.000000>,<28.360000>,<iSUTM>,<1>,<1134141>
<43.263003,0.229746,698.723209>,<-0.993439,0.048314,0.103660,0.000000,0.088438,-0.250170,0.964155,0.000000,0.072515,0.966996,0.244255,0.000000,0.000000,0.000000,0.000000,1.000000>,<28.360000>,<iSUTM>,<1>,<1132748>
<448.864949,429.139315,323.156784>,<0.698979,0.681437,0.216959,0.000000,-0.312452,0.563888,-0.764463,0.000000,-0.643274,0.466554,0.607063,0.000000,0.000000,0.000000,0.000000,1.000000>,<28.360000>,<iSUTM>,<1>,<1133753>
<222.471020,657.291382,91.672055>,<0.846161,0.378386,-0.375280,0.000000,-0.403780,0.914778,0.011929,0.000000,0.347812,0.141437,0.926835,0.000000,0.000000,0.000000,0.000000,1.000000>,<28.360000>,<iSUTM>,<1>,<1133892>
<178.636533,-499.352494,-456.987254>,<-0.979962,0.190965,-0.056634,0.000000,-0.090241,-0.679120,-0.728459,0.000000,-0.177572,-0.708751,0.682745,0.000000,0.000000,0.000000,0.000000,1.000000>,<28.360000>,<iSUTM>,<1>,<1133539>
<601.233129,-219.212386,283.876036>,<0.135111,0.831394,0.539007,0.000000,0.827872,-0.393617,0.399616,0.000000,0.544401,0.392236,-0.741470,0.000000,0.000000,0.000000,0.000000,1.000000>,<28.360000>,<iSUTM>,<1>,<1134483>
<679.186583,-168.722535,0.210190>,<0.227613,0.907305,-0.353540,0.000000,0.443126,-0.419810,-0.792085,0.000000,-0.867082,0.023626,-0.497605,0.000000,0.000000,0.000000,0.000000,1.000000>,<9.390000>,<MA_matrix_G1>,<1>,<1133180>  Surf: Matrix protein
<-0.186697,-366.615147,-596.608559>,<-0.934268,-0.032429,0.355095,0.000000,-0.269585,-0.587567,-0.762948,0.000000,0.233383,-0.808525,0.540203,0.000000,0.000000,0.000000,0.000000,1.000000>,<9.390000>,<MA_matrix_G1>,<1>,<1134305>
<-0.638203,698.392111,-42.759234>,<-0.031898,0.021096,0.999268,0.000000,-0.027436,0.999382,-0.021974,0.000000,-0.999115,-0.028117,-0.031300,0.000000,0.000000,0.000000,0.000000,1.000000>,<9.390000>,<MA_matrix_G1>,<1>,<1132646>
<412.718312,-525.688837,-210.629934>,<-0.700702,0.521967,0.486382,0.000000,-0.629420,-0.773246,-0.076950,0.000000,0.335928,-0.360057,0.870351,0.000000,0.000000,0.000000,0.000000,1.000000>,<9.390000>,<MA_matrix_G1>,<1>,<1133406>
<601.811593,294.347131,-204.009079>,<0.456793,0.877519,-0.145949,0.000000,-0.506489,0.391433,0.768277,0.000000,0.731306,-0.277022,0.623257,0.000000,0.000000,0.000000,0.000000,1.000000>,<9.390000>,<MA_matrix_G1>,<1>,<1132838>
<566.490565,217.214593,-349.336299>,<0.519051,0.820900,0.238137,0.000000,-0.694633,0.242774,0.677160,0.000000,0.498067,-0.516898,0.696237,0.000000,0.000000,0.000000,0.000000,1.000000>,<9.390000>,<MA_matrix_G1>,<1>,<1132842>
<682.697471,150.923183,34.751733>,<-0.269614,0.898320,0.346885,0.000000,0.847664,0.392320,-0.357142,0.000000,-0.456918,0.197752,-0.867249,0.000000,0.000000,0.000000,0.000000,1.000000>,<9.390000>,<MA_matrix_G1>,<1>,<1134338>
<370.492263,-527.329617,-273.249145>,<0.023253,0.476732,0.878741,0.000000,-0.470091,-0.770529,0.430464,0.000000,0.882312,-0.423098,0.206191,0.000000,0.000000,0.000000,0.000000,1.000000>,<9.390000>,<MA_matrix_G1>,<1>,<1133424>
<203.073359,470.136266,-477.184426>,<0.327147,0.286040,-0.900642,0.000000,0.621631,0.652691,0.433092,0.000000,0.711723,-0.701552,0.035714,0.000000,0.000000,0.000000,0.000000,1.000000>,<9.390000>,<MA_matrix_G1>,<1>,<1134154>
<81.595438,525.282480,455.872897>,<-0.973221,0.146789,0.176902,0.000000,0.228717,0.695409,0.681245,0.000000,-0.023020,0.703463,-0.710359,0.000000,0.000000,0.000000,0.000000,1.000000>,<9.390000>,<MA_matrix_G1>,<1>,<1132735>
<674.457576,154.623832,107.904836>,<0.068418,0.941936,0.328748,0.000000,0.711048,0.185103,-0.678342,0.000000,-0.699807,0.280166,-0.657097,0.000000,0.000000,0.000000,0.000000,1.000000>,<9.390000>,<MA_matrix_G1>,<1>,<1134346>
<214.243267,629.747112,-218.526405>,<0.933617,0.348140,-0.084602,0.000000,-0.292276,0.876668,0.382137,0.000000,0.207205,-0.332042,0.920225,0.000000,0.000000,0.000000,0.000000,1.000000>,<9.390000>,<MA_matrix_G1>,<1>,<1133983>
<42.707046,-428.954182,-551.450302>,<0.916334,0.061608,-0.395647,0.000000,0.334258,-0.661721,0.671116,0.000000,-0.220462,-0.747215,-0.626951,0.000000,0.000000,0.000000,0.000000,1.000000>,<9.390000>,<MA_matrix_G1>,<1>,<1134309>
<-1.132117,-669.020008,-206.100666>,<0.904215,-0.046152,-0.424576,0.000000,0.104792,-0.939776,0.325331,0.000000,-0.414021,-0.338662,-0.844923,0.000000,0.000000,0.000000,0.000000,1.000000>,<9.390000>,<MA_matrix_G1>,<1>,<1132911>
<528.914754,-21.202149,-457.707322>,<0.633861,0.743496,0.213152,0.000000,-0.128864,-0.170216,0.976944,0.000000,0.762636,-0.646715,-0.012083,0.000000,0.000000,0.000000,0.000000,1.000000>,<9.390000>,<MA_matrix_G1>,<1>,<1134617>
<71.436248,-690.770988,-88.514535>,<-0.298162,0.258112,-0.918955,0.000000,-0.082083,-0.966112,-0.244724,0.000000,-0.950979,0.002463,0.309245,0.000000,0.000000,0.000000,0.000000,1.000000>,<9.390000>,<MA_matrix_G1>,<1>,<1133342>
<348.049705,412.125011,-445.942937>,<-0.040331,0.565251,-0.823932,0.000000,0.843550,0.461225,0.275127,0.000000,0.535535,-0.683932,-0.495419,0.000000,0.000000,0.000000,0.000000,1.000000>,<9.390000>,<MA_matrix_G1>,<1>,<1134110>
<503.008504,375.391244,309.795872>,<-0.555516,0.831018,-0.028465,0.000000,0.353223,0.266836,0.896678,0.000000,0.752752,0.488065,-0.441767,0.000000,0.000000,0.000000,0.000000,1.000000>,<9.390000>,<MA_matrix_G1>,<1>,<1133781>
<144.932393,-568.997254,381.583796>,<-0.959729,0.138486,-0.244423,0.000000,-0.251697,-0.810322,0.529176,0.000000,-0.124778,0.569386,0.812545,0.000000,0.000000,0.000000,0.000000,1.000000>,<9.390000>,<MA_matrix_G1>,<1>,<1133160>
<107.651283,569.330571,-393.156280>,<-0.501907,0.157772,0.850410,0.000000,-0.582628,0.665006,-0.467238,0.000000,-0.639245,-0.729982,-0.241849,0.000000,0.000000,0.000000,0.000000,1.000000>,<9.390000>,<MA_matrix_G1>,<1>,<1134150>
<166.631470,-547.667990,-402.644263>,<-0.875909,0.195110,0.441266,0.000000,-0.395788,-0.813616,-0.425888,0.000000,0.275926,-0.547687,0.789876,0.000000,0.000000,0.000000,0.000000,1.000000>,<9.390000>,<MA_matrix_G1>,<1>,<1133504>
<421.471090,543.587964,-129.742275>,<0.581467,0.597398,-0.552279,0.000000,-0.238810,0.774259,0.586082,0.000000,0.777731,-0.208897,0.592871,0.000000,0.000000,0.000000,0.000000,1.000000>,<9.390000>,<MA_matrix_G1>,<1>,<1134006>
<20.816229,547.798578,-435.617142>,<-0.936874,0.033497,-0.348060,0.000000,0.211324,0.847290,-0.487280,0.000000,0.278585,-0.530074,-0.800882,0.000000,0.000000,0.000000,0.000000,1.000000>,<9.390000>,<MA_matrix_G1>,<1>,<1134306>
<523.639771,-106.996553,-452.583027>,<0.547853,0.726821,-0.414232,0.000000,0.795011,-0.298196,0.528239,0.000000,0.260413,-0.618716,-0.741199,0.000000,0.000000,0.000000,0.000000,1.000000>,<9.390000>,<MA_matrix_G1>,<1>,<1134652>
<267.006646,432.735266,480.975904>,<0.832402,0.410750,0.372011,0.000000,0.082697,0.571706,-0.816280,0.000000,-0.547968,0.710237,0.441922,0.000000,0.000000,0.000000,0.000000,1.000000>,<9.390000>,<MA_matrix_G1>,<1>,<1133713>
<174.081865,-70.638232,674.448614>,<0.324851,0.331909,0.885612,0.000000,0.945691,-0.102258,-0.308564,0.000000,-0.011854,0.937753,-0.347102,0.000000,0.000000,0.000000,0.000000,1.000000>,<9.390000>,<MA_matrix_G1>,<1>,<1132674>
<695.323878,-84.770683,-1.287912>,<-0.183259,0.983041,0.006793,0.000000,-0.982090,-0.183381,0.043245,0.000000,0.043758,0.001253,0.999041,0.000000,0.000000,0.000000,0.000000,1.000000>,<9.390000>,<MA_matrix_G1>,<1>,<1133178>
<526.192082,274.402713,-371.039736>,<-0.678408,0.730024,0.082628,0.000000,0.209467,0.299993,-0.930660,0.000000,-0.704192,-0.614060,-0.356434,0.000000,0.000000,0.000000,0.000000,1.000000>,<9.390000>,<MA_matrix_G1>,<1>,<1134066>
<588.045718,369.857072,-85.942721>,<-0.625098,0.719722,-0.302080,0.000000,0.719867,0.681186,0.133333,0.000000,0.301736,-0.134111,-0.943912,0.000000,0.000000,0.000000,0.000000,1.000000>,<9.390000>,<MA_matrix_G1>,<1>,<1134015>
<42.987423,-481.452999,-506.604858>,<0.992596,0.032255,0.117098,0.000000,-0.057976,-0.721352,0.690138,0.000000,0.106729,-0.691817,-0.714141,0.000000,0.000000,0.000000,0.000000,1.000000>,<9.390000>,<MA_matrix_G1>,<1>,<1134314>
<615.925373,-330.590891,-29.721658>,<0.298982,0.947374,0.114419,0.000000,0.852530,-0.319052,0.414003,0.000000,0.428721,-0.026233,-0.903056,0.000000,0.000000,0.000000,0.000000,1.000000>,<9.390000>,<MA_matrix_G1>,<1>,<1134664>
<174.658666,-634.570382,239.421760>,<-0.961069,0.263033,-0.084620,0.000000,-0.276299,-0.912124,0.302803,0.000000,0.002464,0.314395,0.949289,0.000000,0.000000,0.000000,0.000000,1.000000>,<9.390000>,<MA_matrix_G1>,<1>,<1133303>
<251.229731,-405.483089,-512.154538>,<-0.196010,0.243669,0.949845,0.000000,-0.746820,-0.664823,0.016437,0.000000,0.635484,-0.706141,0.312289,0.000000,0.000000,0.000000,0.000000,1.000000>,<9.390000>,<MA_matrix_G1>,<1>,<1133532>
<228.785448,-34.738693,661.157786>,<0.327237,0.282939,0.901588,0.000000,0.944812,-0.113791,-0.307215,0.000000,0.015670,0.952364,-0.304561,0.000000,0.000000,0.000000,0.000000,1.000000>,<9.390000>,<MA_matrix_G1>,<1>,<1132683>
<588.183205,257.924408,277.528194>,<-0.595266,0.802681,0.036898,0.000000,0.544335,0.369049,0.753327,0.000000,0.591064,0.468515,-0.656610,0.000000,0.000000,0.000000,0.000000,1.000000>,<9.390000>,<MA_matrix_G1>,<1>,<1132787>
<113.622295,329.745389,-606.822839>,<-0.425484,0.128593,0.895783,0.000000,-0.772641,0.463733,-0.433563,0.000000,-0.471158,-0.876593,-0.097955,0.000000,0.000000,0.000000,0.000000,1.000000>,<9.390000>,<MA_matrix_G1>,<1>,<1134239>
<657.073662,-156.289320,181.448056>,<0.247799,0.967918,0.041611,0.000000,0.918653,-0.221112,-0.327394,0.000000,-0.307690,0.119354,-0.943971,0.000000,0.000000,0.000000,0.000000,1.000000>,<9.390000>,<MA_matrix_G1>,<1>,<1134432>
<649.946025,-217.093668,140.755469>,<-0.015350,0.897065,-0.441631,0.000000,-0.632702,-0.350725,-0.690420,0.000000,-0.774243,0.268823,0.572959,0.000000,0.000000,0.000000,0.000000,1.000000>,<9.390000>,<MA_matrix_G1>,<1>,<1134446>
<633.011142,157.396485,256.170533>,<-0.088390,0.876079,0.473997,0.000000,0.953973,0.211357,-0.212752,0.000000,-0.286570,0.433376,-0.854437,0.000000,0.000000,0.000000,0.000000,1.000000>,<9.390000>,<MA_matrix_G1>,<1>,<1134365>
<84.380835,587.153306,370.657941>,<0.942151,0.150179,0.299661,0.000000,0.050240,0.820639,-0.569234,0.000000,-0.331401,0.551359,0.765622,0.000000,0.000000,0.000000,0.000000,1.000000>,<9.390000>,<MA_matrix_G1>,<1>,<1133672>
<683.520160,130.975509,-71.213733>,<0.066274,0.969938,0.234155,0.000000,-0.581256,0.228271,-0.781047,0.000000,-0.811017,-0.084341,0.578911,0.000000,0.000000,0.000000,0.000000,1.000000>,<9.390000>,<MA_matrix_G1>,<1>,<1134520>
<568.410193,-393.961862,-106.629239>,<-0.611106,0.789858,-0.051703,0.000000,-0.728192,-0.586598,-0.354456,0.000000,-0.310299,-0.178961,0.933642,0.000000,0.000000,0.000000,0.000000,1.000000>,<9.390000>,<MA_matrix_G1>,<1>,<1133375>
<216.792701,640.852767,178.095776>,<0.479085,0.311563,0.820613,0.000000,0.071911,0.917812,-0.390449,0.000000,-0.874818,0.246069,0.417305,0.000000,0.000000,0.000000,0.000000,1.000000>,<9.390000>,<MA_matrix_G1>,<1>,<1133875>
<333.726362,539.845519,-295.539707>,<-0.216994,0.471932,-0.854514,0.000000,0.659779,0.716061,0.227924,0.000000,0.719448,-0.514332,-0.466751,0.000000,0.000000,0.000000,0.000000,1.000000>,<9.390000>,<MA_matrix_G1>,<1>,<1134069>
<44.585349,428.545905,551.097715>,<-0.296547,0.032252,-0.954473,0.000000,-0.821619,0.500851,0.272195,0.000000,0.486828,0.864932,-0.122027,0.000000,0.000000,0.000000,0.000000,1.000000>,<9.390000>,<MA_matrix_G1>,<1>,<1133529>
<104.302716,652.097349,-233.443228>,<-0.603958,0.303282,-0.737058,0.000000,0.485746,0.873242,-0.038710,0.000000,0.631890,-0.381402,-0.674720,0.000000,0.000000,0.000000,0.000000,1.000000>,<9.390000>,<MA_matrix_G1>,<1>,<1133964>
<460.321787,-370.665499,375.229076>,<0.735066,0.667351,-0.119667,0.000000,0.454953,-0.616369,-0.642734,0.000000,-0.502689,0.418009,-0.756685,0.000000,0.000000,0.000000,0.000000,1.000000>,<9.390000>,<MA_matrix_G1>,<1>,<1132966>
<571.436931,-66.990330,-399.024653>,<-0.439858,0.893095,-0.094378,0.000000,-0.083050,-0.145091,-0.985927,0.000000,-0.894219,-0.425829,0.137991,0.000000,0.000000,0.000000,0.000000,1.000000>,<9.390000>,<MA_matrix_G1>,<1>,<1134619>
<22.922367,260.718575,-649.158152>,<0.936538,-0.015795,0.350209,0.000000,-0.316196,0.393325,0.863317,0.000000,-0.151382,-0.919264,0.363370,0.000000,0.000000,0.000000,0.000000,1.000000>,<9.390000>,<MA_matrix_G1>,<1>,<1134252>
<457.467974,178.413904,-499.017962>,<0.349879,0.583876,-0.732581,0.000000,0.778115,0.254329,0.574329,0.000000,0.521653,-0.770977,-0.365338,0.000000,0.000000,0.000000,0.000000,1.000000>,<9.390000>,<MA_matrix_G1>,<1>,<1134116>
<567.545346,-366.944992,181.311825>,<-0.632774,0.771191,0.069719,0.000000,-0.668297,-0.589381,0.453882,0.000000,0.391121,0.240612,0.888330,0.000000,0.000000,0.000000,0.000000,1.000000>,<9.390000>,<MA_matrix_G1>,<1>,<1133116>
<435.907521,-155.746758,525.121236>,<0.189615,0.624261,-0.757855,0.000000,-0.847996,-0.284948,-0.446887,0.000000,-0.494924,0.727394,0.475341,0.000000,0.000000,0.000000,0.000000,1.000000>,<9.390000>,<MA_matrix_G1>,<1>,<1132888>
<392.578863,270.822006,-512.130895>,<0.851821,0.520310,0.060652,0.000000,-0.280799,0.355800,0.891380,0.000000,0.442214,-0.776327,0.449180,0.000000,0.000000,0.000000,0.000000,1.000000>,<9.390000>,<MA_matrix_G1>,<1>,<1134128>
<380.719514,-50.890631,585.871806>,<0.186193,0.536889,-0.822850,0.000000,-0.937957,-0.152216,-0.311556,0.000000,-0.292522,0.829808,0.475237,0.000000,0.000000,0.000000,0.000000,1.000000>,<9.390000>,<MA_matrix_G1>,<1>,<1132867>
<298.967017,33.965007,-632.115923>,<-0.963280,0.188393,-0.191312,0.000000,0.217793,0.131532,-0.967091,0.000000,-0.157029,-0.973246,-0.167733,0.000000,0.000000,0.000000,0.000000,1.000000>,<9.390000>,<MA_matrix_G1>,<1>,<1134186>
<331.640605,-388.574225,-479.426438>,<0.792980,0.488103,-0.364607,0.000000,0.596167,-0.498319,0.629494,0.000000,0.125567,-0.716543,-0.686148,0.000000,0.000000,0.000000,0.000000,1.000000>,<9.390000>,<MA_matrix_G1>,<1>,<1133483>
<176.786574,-143.602598,-661.896961>,<-0.987661,0.096508,-0.123333,0.000000,0.104389,-0.181351,-0.977862,0.000000,-0.116738,-0.978672,0.169039,0.000000,0.000000,0.000000,0.000000,1.000000>,<9.390000>,<MA_matrix_G1>,<1>,<1133647>
<581.791303,-314.112021,-231.022090>,<0.555692,0.788941,0.262256,0.000000,0.376486,-0.520039,0.766693,0.000000,0.741259,-0.327310,-0.586007,0.000000,0.000000,0.000000,0.000000,1.000000>,<9.390000>,<MA_matrix_G1>,<1>,<1133386>
<217.666975,348.897851,566.827952>,<-0.242316,0.270473,0.931734,0.000000,0.861862,0.500998,0.078710,0.000000,-0.445508,0.822098,-0.354510,0.000000,0.000000,0.000000,0.000000,1.000000>,<9.390000>,<MA_matrix_G1>,<1>,<1132729>
<182.888032,656.468306,-158.724866>,<-0.677096,0.498648,-0.541194,0.000000,0.549710,0.831657,0.078526,0.000000,0.489244,-0.244330,-0.837223,0.000000,0.000000,0.000000,0.000000,1.000000>,<9.390000>,<MA_matrix_G1>,<1>,<1133951>
<-0.604378,529.304814,458.196210>,<-0.955168,0.108895,0.275310,0.000000,0.249442,0.796891,0.550221,0.000000,-0.159475,0.594228,-0.788328,0.000000,0.000000,0.000000,0.000000,1.000000>,<9.390000>,<MA_matrix_G1>,<1>,<1133513>
<46.127236,-148.444778,682.347250>,<-0.578771,-0.068588,0.812601,0.000000,0.810294,-0.160672,0.563567,0.000000,0.091908,0.984622,0.148569,0.000000,0.000000,0.000000,0.000000,1.000000>,<9.390000>,<MA_matrix_G1>,<1>,<1132662>
<271.530636,-512.579852,-391.841408>,<0.927546,0.344169,0.145621,0.000000,0.185191,-0.761769,0.620815,0.000000,0.324595,-0.548867,-0.770314,0.000000,0.000000,0.000000,0.000000,1.000000>,<9.390000>,<MA_matrix_G1>,<1>,<1133472>
<506.003774,-483.241785,-20.990447>,<0.711831,0.671515,0.205824,0.000000,0.655297,-0.740442,0.149435,0.000000,0.252749,0.028503,-0.967112,0.000000,0.000000,0.000000,0.000000,1.000000>,<9.390000>,<MA_matrix_G1>,<1>,<1133207>
<174.707074,-70.161131,-674.716944>,<-0.020015,0.096366,-0.995145,0.000000,0.991937,-0.122671,-0.031829,0.000000,-0.125143,-0.987758,-0.093134,0.000000,0.000000,0.000000,0.000000,1.000000>,<9.390000>,<MA_matrix_G1>,<1>,<1133630>
<201.168723,252.025815,-621.693555>,<0.473316,0.219070,0.853217,0.000000,-0.847315,0.378096,0.372963,0.000000,-0.240893,-0.899473,0.364580,0.000000,0.000000,0.000000,0.000000,1.000000>,<9.390000>,<MA_matrix_G1>,<1>,<1134213>
<342.278354,-554.604574,254.532285>,<0.827496,0.187219,0.529340,0.000000,0.324974,-0.928509,-0.179620,0.000000,0.457868,0.320657,-0.829178,0.000000,0.000000,0.000000,0.000000,1.000000>,<9.390000>,<MA_matrix_G1>,<1>,<1133191>
<582.073054,314.050939,230.269265>,<0.196228,0.831348,-0.519957,0.000000,-0.799146,0.442864,0.406494,0.000000,0.568209,0.335756,0.751270,0.000000,0.000000,0.000000,0.000000,1.000000>,<9.390000>,<MA_matrix_G1>,<1>,<1133829>
<184.845232,-665.463816,-114.252974>,<-0.724273,0.293859,-0.623759,0.000000,-0.039155,-0.920705,-0.388289,0.000000,-0.688400,-0.256804,0.678349,0.000000,0.000000,0.000000,0.000000,1.000000>,<9.390000>,<MA_matrix_G1>,<1>,<1133295>
<316.059343,-295.313897,550.064128>,<-0.925877,0.341822,0.160962,0.000000,-0.043838,-0.520337,0.852835,0.000000,0.375273,0.782564,0.496753,0.000000,0.000000,0.000000,0.000000,1.000000>,<9.390000>,<MA_matrix_G1>,<1>,<1132930>
<688.096404,68.415823,-109.202371>,<-0.184029,0.955532,0.230418,0.000000,0.070506,0.246651,-0.966536,0.000000,-0.980389,-0.161625,-0.112762,0.000000,0.000000,0.000000,0.000000,1.000000>,<9.390000>,<MA_matrix_G1>,<1>,<1134536>
<114.658654,-258.313271,-640.446952>,<-0.479968,0.207522,0.852388,0.000000,-0.814242,-0.467051,-0.344780,0.000000,0.326559,-0.859534,0.393142,0.000000,0.000000,0.000000,0.000000,1.000000>,<9.390000>,<MA_matrix_G1>,<1>,<1134273>
<457.130540,-177.992745,-500.065464>,<-0.725286,0.599778,-0.337976,0.000000,0.166825,-0.323178,-0.931518,0.000000,-0.667930,-0.731999,0.134338,0.000000,0.000000,0.000000,0.000000,1.000000>,<9.390000>,<MA_matrix_G1>,<1>,<1133463>
<133.863302,-360.706899,584.815069>,<0.631352,0.241926,-0.736795,0.000000,-0.522515,-0.569347,-0.634682,0.000000,-0.573038,0.785694,-0.233049,0.000000,0.000000,0.000000,0.000000,1.000000>,<9.390000>,<MA_matrix_G1>,<1>,<1132718>
<36.226556,-699.518615,-20.765150>,<0.606880,-0.053233,-0.793009,0.000000,-0.033797,-0.998580,0.041169,0.000000,-0.794075,0.001816,-0.607818,0.000000,0.000000,0.000000,0.000000,1.000000>,<9.390000>,<MA_matrix_G1>,<1>,<1133361>
<386.190723,-401.280094,424.476774>,<0.330975,0.507495,0.795553,0.000000,0.777782,-0.624098,0.074539,0.000000,0.534332,0.594096,-0.601281,0.000000,0.000000,0.000000,0.000000,1.000000>,<9.390000>,<MA_matrix_G1>,<1>,<1132968>
<372.848459,-245.896130,539.543560>,<0.852416,0.505821,-0.132410,0.000000,0.101371,-0.408310,-0.907197,0.000000,-0.512943,0.759887,-0.399326,0.000000,0.000000,0.000000,0.000000,1.000000>,<9.390000>,<MA_matrix_G1>,<1>,<1132902>
<366.934248,-594.793692,-44.648101>,<0.753540,0.546623,0.365214,0.000000,0.435645,-0.831254,0.345297,0.000000,0.492333,-0.101091,-0.864517,0.000000,0.000000,0.000000,0.000000,1.000000>,<9.390000>,<MA_matrix_G1>,<1>,<1133239>
<30.955461,-616.111146,-330.219426>,<-0.959038,0.020966,-0.282501,0.000000,0.116384,-0.880042,-0.460413,0.000000,-0.258266,-0.474432,0.841554,0.000000,0.000000,0.000000,0.000000,1.000000>,<9.390000>,<MA_matrix_G1>,<1>,<1133353>
<34.697749,-690.674408,108.352361>,<-0.972678,-0.204232,0.110390,0.000000,0.213761,-0.973383,0.082657,0.000000,0.090570,0.103996,0.990445,0.000000,0.000000,0.000000,0.000000,1.000000>,<9.390000>,<MA_matrix_G1>,<1>,<1133364>
<204.216899,-601.650240,294.651830>,<-0.587860,0.263393,-0.764882,0.000000,-0.449630,-0.892395,0.038265,0.000000,-0.672498,0.366408,0.643033,0.000000,0.000000,0.000000,0.000000,1.000000>,<9.390000>,<MA_matrix_G1>,<1>,<1133049>
<629.169517,-220.588170,-212.830480>,<-0.289692,0.863094,-0.413698,0.000000,0.314175,-0.322533,-0.892898,0.000000,-0.904087,-0.388639,-0.177727,0.000000,0.000000,0.000000,0.000000,1.000000>,<9.390000>,<MA_matrix_G1>,<1>,<1134641>
<277.619082,589.117732,257.845679>,<-0.068323,0.348224,0.934918,0.000000,0.470085,0.837797,-0.277697,0.000000,-0.879973,0.420518,-0.220936,0.000000,0.000000,0.000000,0.000000,1.000000>,<9.390000>,<MA_matrix_G1>,<1>,<1132768>
<141.938941,-662.576324,176.317942>,<-0.957419,0.086040,0.275582,0.000000,0.047456,-0.894671,0.444199,0.000000,0.284774,0.438362,0.852492,0.000000,0.000000,0.000000,0.000000,1.000000>,<9.390000>,<MA_matrix_G1>,<1>,<1133316>
<422.187590,-543.117513,131.184455>,<0.311690,0.541551,-0.780751,0.000000,-0.034819,-0.814622,-0.578946,0.000000,-0.949546,0.207636,-0.235053,0.000000,0.000000,0.000000,0.000000,1.000000>,<9.390000>,<MA_matrix_G1>,<1>,<1133227>
<457.604797,41.296102,527.881181>,<0.240935,0.646858,-0.723550,0.000000,-0.954310,0.022121,-0.297999,0.000000,-0.176757,0.762290,0.622632,0.000000,0.000000,0.000000,0.000000,1.000000>,<9.390000>,<MA_matrix_G1>,<1>,<1134458>
<202.475705,470.625640,476.788739>,<0.783767,0.332681,-0.524436,0.000000,-0.606558,0.591426,-0.531321,0.000000,0.133405,0.734533,0.665330,0.000000,0.000000,0.000000,0.000000,1.000000>,<9.390000>,<MA_matrix_G1>,<1>,<1133697>
<252.429600,-621.171888,-200.498194>,<-0.580524,0.280327,0.764466,0.000000,-0.365597,-0.928645,0.062902,0.000000,0.727551,-0.242970,0.641588,0.000000,0.000000,0.000000,0.000000,1.000000>,<9.390000>,<MA_matrix_G1>,<1>,<1133267>
<481.111000,266.725745,-432.930004>,<-0.135657,0.637742,-0.758210,0.000000,0.969842,0.241889,0.029935,0.000000,0.202494,-0.731283,-0.651323,0.000000,0.000000,0.000000,0.000000,1.000000>,<9.390000>,<MA_matrix_G1>,<1>,<1134088>
<415.701347,128.678714,-548.101766>,<0.440303,0.535756,0.720485,0.000000,-0.895206,0.200423,0.398042,0.000000,0.068851,-0.820242,0.567858,0.000000,0.000000,0.000000,0.000000,1.000000>,<9.390000>,<MA_matrix_G1>,<1>,<1134147>
<-0.105015,564.403722,413.225054>,<0.098500,0.033768,0.994564,0.000000,0.622409,0.777724,-0.088048,0.000000,-0.776469,0.627699,0.055589,0.000000,0.000000,0.000000,0.000000,1.000000>,<9.390000>,<MA_matrix_G1>,<1>,<1133510>
<621.542758,200.528159,-252.404312>,<-0.280739,0.886979,0.366680,0.000000,-0.454037,0.213859,-0.864936,0.000000,-0.845598,-0.409307,0.342683,0.000000,0.000000,0.000000,0.000000,1.000000>,<9.390000>,<MA_matrix_G1>,<1>,<1134523>
<30.730411,616.190466,330.154736>,<0.372136,0.127449,-0.919387,0.000000,-0.485763,0.870789,-0.075908,0.000000,0.790917,0.474852,0.385962,0.000000,0.000000,0.000000,0.000000,1.000000>,<9.390000>,<MA_matrix_G1>,<1>,<1133842>
<178.262747,144.302672,-661.931344>,<-0.605889,0.199844,-0.770040,0.000000,0.778596,0.347716,-0.522380,0.000000,0.163361,-0.916055,-0.366275,0.000000,0.000000,0.000000,0.000000,1.000000>,<9.390000>,<MA_matrix_G1>,<1>,<1134208>
<334.814526,613.882489,23.657345>,<0.779823,0.539759,0.317076,0.000000,-0.495519,0.841761,-0.214241,0.000000,-0.382541,0.009953,0.923885,0.000000,0.000000,0.000000,0.000000,1.000000>,<9.390000>,<MA_matrix_G1>,<1>,<1133928>
<46.375183,149.130708,682.692791>,<0.146085,0.050611,0.987976,0.000000,0.977123,0.148654,-0.152095,0.000000,-0.154565,0.987593,-0.027737,0.000000,0.000000,0.000000,0.000000,1.000000>,<9.390000>,<MA_matrix_G1>,<1>,<1133613>
<648.064546,22.726989,-263.203857>,<0.231946,0.933893,0.272112,0.000000,-0.658352,-0.055218,0.750683,0.000000,0.716083,-0.353263,0.602022,0.000000,0.000000,0.000000,0.000000,1.000000>,<9.390000>,<MA_matrix_G1>,<1>,<1134565>
<512.210009,-251.744388,405.201941>,<0.556469,0.749144,-0.359340,0.000000,0.012137,-0.439771,-0.898028,0.000000,-0.830780,0.495364,-0.253811,0.000000,0.000000,0.000000,0.000000,1.000000>,<9.390000>,<MA_matrix_G1>,<1>,<1132933>
<365.475610,-590.459602,90.049692>,<-0.291332,0.432397,0.853322,0.000000,0.015996,-0.889689,0.456286,0.000000,0.956488,0.146581,0.252278,0.000000,0.000000,0.000000,0.000000,1.000000>,<9.390000>,<MA_matrix_G1>,<1>,<1133242>
<548.161858,435.394235,20.813076>,<-0.348371,0.737697,-0.578309,0.000000,0.234962,0.665984,0.707996,0.000000,0.907431,0.110765,-0.405340,0.000000,0.000000,0.000000,0.000000,1.000000>,<9.390000>,<MA_matrix_G1>,<1>,<1133994>
<540.087359,-296.050558,333.086040>,<-0.611000,0.777426,-0.149295,0.000000,-0.737914,-0.491032,0.463002,0.000000,0.286641,0.393061,0.873694,0.000000,0.000000,0.000000,0.000000,1.000000>,<9.390000>,<MA_matrix_G1>,<1>,<1132952>
<463.688780,-307.626795,-424.187944>,<0.566035,0.646298,-0.511764,0.000000,0.803941,-0.570137,0.169181,0.000000,-0.182434,-0.507191,-0.842304,0.000000,0.000000,0.000000,0.000000,1.000000>,<9.390000>,<MA_matrix_G1>,<1>,<1133440>
<256.790290,209.216521,-616.469445>,<-0.292705,0.358467,0.886468,0.000000,-0.843654,0.339552,-0.415875,0.000000,-0.450080,-0.869601,0.203033,0.000000,0.000000,0.000000,0.000000,1.000000>,<9.390000>,<MA_matrix_G1>,<1>,<1134199>
<601.510949,-293.415781,204.384427>,<0.261438,0.845312,0.465939,0.000000,0.861106,-0.422345,0.283058,0.000000,0.436058,0.327221,-0.838320,0.000000,0.000000,0.000000,0.000000,1.000000>,<9.390000>,<MA_matrix_G1>,<1>,<1133030>
<589.641829,199.389813,320.587335>,<0.142796,0.824716,-0.547223,0.000000,-0.951566,0.266489,0.153315,0.000000,0.272270,0.498826,0.822825,0.000000,0.000000,0.000000,0.000000,1.000000>,<9.390000>,<MA_matrix_G1>,<1>,<1134367>
<465.492710,463.249341,-242.126478>,<0.047562,0.590966,0.805293,0.000000,-0.502504,0.710914,-0.492027,0.000000,-0.863266,-0.381261,0.330776,0.000000,0.000000,0.000000,0.000000,1.000000>,<9.390000>,<MA_matrix_G1>,<1>,<1134043>
<682.886731,46.848577,147.965012>,<-0.348796,0.937196,-0.002133,0.000000,-0.002210,0.001453,0.999997,0.000000,0.937196,0.348799,0.001564,0.000000,0.000000,0.000000,0.000000,1.000000>,<9.390000>,<MA_matrix_G1>,<1>,<1134371>
<568.466747,-367.267776,-179.930401>,<-0.619118,0.782367,0.067785,0.000000,-0.702116,-0.512810,-0.494023,0.000000,-0.351747,-0.353451,0.866802,0.000000,0.000000,0.000000,0.000000,1.000000>,<9.390000>,<MA_matrix_G1>,<1>,<1133382>
<267.364613,433.095637,-480.740481>,<-0.968988,0.144087,-0.200754,0.000000,0.246876,0.529187,-0.811797,0.000000,-0.010733,-0.836182,-0.548347,0.000000,0.000000,0.000000,0.000000,1.000000>,<9.390000>,<MA_matrix_G1>,<1>,<1134139>
<429.644864,323.684338,448.106119>,<-0.619476,0.639623,-0.455118,0.000000,-0.193864,0.437151,0.878246,0.000000,0.760702,0.632283,-0.146805,0.000000,0.000000,0.000000,0.000000,1.000000>,<9.390000>,<MA_matrix_G1>,<1>,<1133770>
<116.442382,-524.999196,447.576662>,<-0.798729,0.294359,0.524771,0.000000,0.092888,-0.801381,0.590898,0.000000,0.594477,0.520713,0.612744,0.000000,0.000000,0.000000,0.000000,1.000000>,<9.390000>,<MA_matrix_G1>,<1>,<1133129>
<621.715335,305.438290,100.042876>,<0.378490,0.886127,-0.267441,0.000000,-0.899798,0.419997,0.118178,0.000000,0.217046,0.195913,0.956300,0.000000,0.000000,0.000000,0.000000,1.000000>,<9.390000>,<MA_matrix_G1>,<1>,<1134328>
<1.693835,612.457507,-339.061157>,<0.983743,0.041915,0.174623,0.000000,-0.125289,0.856823,0.500157,0.000000,-0.128657,-0.513904,0.848145,0.000000,0.000000,0.000000,0.000000,1.000000>,<9.390000>,<MA_matrix_G1>,<1>,<1132654>
<41.707973,-483.154837,504.680676>,<-0.964319,0.259783,0.051009,0.000000,-0.171470,-0.759671,0.627294,0.000000,0.201711,0.596164,0.777111,0.000000,0.000000,0.000000,0.000000,1.000000>,<9.390000>,<MA_matrix_G1>,<1>,<1132741>
<290.563229,134.934476,-621.973197>,<-0.902691,0.429989,0.016076,0.000000,0.057608,0.157795,-0.985790,0.000000,-0.426416,-0.888938,-0.167211,0.000000,0.000000,0.000000,0.000000,1.000000>,<9.390000>,<MA_matrix_G1>,<1>,<1134190>
<35.229575,682.818134,149.869107>,<0.470428,0.131692,-0.872557,0.000000,-0.228258,0.973309,0.023836,0.000000,0.852406,0.187955,0.487931,0.000000,0.000000,0.000000,0.000000,1.000000>,<9.390000>,<MA_matrix_G1>,<1>,<1133857>
<32.905842,647.066557,264.965567>,<0.303138,0.009223,0.952902,0.000000,0.386495,0.912827,-0.131787,0.000000,-0.871050,0.408241,0.273148,0.000000,0.000000,0.000000,0.000000,1.000000>,<9.390000>,<MA_matrix_G1>,<1>,<1133845>
<548.163202,425.143630,94.354886>,<-0.481025,0.785977,0.388401,0.000000,0.691545,0.612469,-0.382945,0.000000,-0.538870,0.084391,-0.838151,0.000000,0.000000,0.000000,0.000000,1.000000>,<9.390000>,<MA_matrix_G1>,<1>,<1133791>
<0.918591,-73.915779,695.461051>,<-0.770054,0.172463,0.614226,0.000000,0.564098,-0.265664,0.781803,0.000000,0.298009,0.948514,0.107290,0.000000,0.000000,0.000000,0.000000,1.000000>,<9.390000>,<MA_matrix_G1>,<1>,<1132627>
<261.186595,646.146095,68.702678>,<-0.767398,0.338836,0.544325,0.000000,0.416936,0.908666,0.022169,0.000000,-0.487098,0.243961,-0.838581,0.000000,0.000000,0.000000,0.000000,1.000000>,<9.390000>,<MA_matrix_G1>,<1>,<1133903>
<499.112975,-457.360666,177.904555>,<0.295126,0.665136,-0.685927,0.000000,-0.000637,-0.717766,-0.696284,0.000000,-0.955458,0.205928,-0.211408,0.000000,0.000000,0.000000,0.000000,1.000000>,<9.390000>,<MA_matrix_G1>,<1>,<1133150>
<216.298675,-350.728467,566.120524>,<0.826981,0.277368,-0.489049,0.000000,-0.281185,-0.549199,-0.786966,0.000000,-0.486864,0.788320,-0.376186,0.000000,0.000000,0.000000,0.000000,1.000000>,<9.390000>,<MA_matrix_G1>,<1>,<1133007>
<456.064258,-527.231545,-65.849529>,<0.587835,0.502089,-0.634316,0.000000,0.376173,-0.863815,-0.335139,0.000000,-0.716201,-0.041606,-0.696652,0.000000,0.000000,0.000000,0.000000,1.000000>,<9.390000>,<MA_matrix_G1>,<1>,<1133216>
<621.674470,-306.240513,-98.639564>,<-0.151767,0.868758,-0.471409,0.000000,-0.038376,-0.481753,-0.875466,0.000000,-0.987671,-0.114776,0.106453,0.000000,0.000000,0.000000,0.000000,1.000000>,<9.390000>,<MA_matrix_G1>,<1>,<1134662>
<542.701108,131.326659,-422.935295>,<0.486484,0.779891,0.393832,0.000000,-0.738807,0.126599,0.661918,0.000000,0.466365,-0.612978,0.637778,0.000000,0.000000,0.000000,0.000000,1.000000>,<9.390000>,<MA_matrix_G1>,<1>,<1134560>
<627.906411,309.761402,0.365822>,<-0.455917,0.836902,-0.302876,0.000000,0.751007,0.544368,0.373701,0.000000,0.477627,-0.057086,-0.876706,0.000000,0.000000,0.000000,0.000000,1.000000>,<9.390000>,<MA_matrix_G1>,<1>,<1133168>
<245.609682,538.915709,-372.523003>,<0.940126,0.331747,0.078143,0.000000,-0.311063,0.741470,0.594526,0.000000,0.139291,-0.583237,0.800270,0.000000,0.000000,0.000000,0.000000,1.000000>,<9.390000>,<MA_matrix_G1>,<1>,<1134106>
<-0.025352,-688.316863,-126.822752>,<0.986765,-0.025348,-0.160164,0.000000,0.009642,-0.976789,0.213989,0.000000,-0.161870,-0.212701,-0.963616,0.000000,0.000000,0.000000,0.000000,1.000000>,<9.390000>,<MA_matrix_G1>,<1>,<1132913>
<362.197431,-436.795318,-409.858451>,<0.531342,0.451810,0.716620,0.000000,-0.357283,-0.647487,0.673134,0.000000,0.768131,-0.613700,-0.182613,0.000000,0.000000,0.000000,0.000000,1.000000>,<9.390000>,<MA_matrix_G1>,<1>,<1133456>
<506.459616,482.539367,-22.049575>,<-0.061659,0.818944,0.570552,0.000000,0.027933,0.572831,-0.819197,0.000000,-0.997706,-0.034574,-0.058196,0.000000,0.000000,0.000000,0.000000,1.000000>,<9.390000>,<MA_matrix_G1>,<1>,<1133992>
<297.368036,481.624417,-410.808200>,<0.906301,0.405282,0.119854,0.000000,-0.379166,0.654440,0.654173,0.000000,0.186687,-0.638322,0.746788,0.000000,0.000000,0.000000,0.000000,1.000000>,<9.390000>,<MA_matrix_G1>,<1>,<1134108>
<259.539767,-640.259253,113.975668>,<0.361319,0.268056,-0.893082,0.000000,-0.124002,-0.935467,-0.330946,0.000000,-0.924160,0.230321,-0.304762,0.000000,0.000000,0.000000,0.000000,1.000000>,<9.390000>,<MA_matrix_G1>,<1>,<1133274>
<393.040017,-271.691569,-511.091949>,<-0.206104,0.545785,0.812182,0.000000,-0.920176,-0.390439,0.028865,0.000000,0.332861,-0.741402,0.582689,0.000000,0.000000,0.000000,0.000000,1.000000>,<9.390000>,<MA_matrix_G1>,<1>,<1133480>
<276.747509,-239.422467,-596.471633>,<-0.563168,0.422213,-0.710336,0.000000,0.514275,-0.493774,-0.701219,0.000000,-0.646809,-0.760213,0.060944,0.000000,0.000000,0.000000,0.000000,1.000000>,<9.390000>,<MA_matrix_G1>,<1>,<1133099>
<513.128059,-251.008429,-406.086726>,<0.622956,0.696541,-0.356030,0.000000,0.707698,-0.307904,0.635892,0.000000,0.333301,-0.648094,-0.684751,0.000000,0.000000,0.000000,0.000000,1.000000>,<9.390000>,<MA_matrix_G1>,<1>,<1133427>
<587.764004,346.117525,-156.196214>,<-0.301405,0.714159,0.631769,0.000000,-0.113137,0.631114,-0.767395,0.000000,-0.946760,-0.302774,-0.109423,0.000000,0.000000,0.000000,0.000000,1.000000>,<9.390000>,<MA_matrix_G1>,<1>,<1134022>
<149.430931,34.325983,-683.166699>,<0.930648,0.170745,-0.323636,0.000000,0.317811,0.061188,0.946178,0.000000,0.181358,-0.983413,0.002680,0.000000,0.000000,0.000000,0.000000,1.000000>,<9.390000>,<MA_matrix_G1>,<1>,<1134204>
<359.557928,120.038652,588.077039>,<0.138285,0.626926,0.766708,0.000000,0.942638,0.154172,-0.296081,0.000000,-0.303825,0.763672,-0.569645,0.000000,0.000000,0.000000,0.000000,1.000000>,<9.390000>,<MA_matrix_G1>,<1>,<1133806>
<0.053870,-298.036961,-633.022961>,<0.995700,0.000904,0.092632,0.000000,-0.080816,-0.480296,0.873376,0.000000,0.045280,-0.877106,-0.478157,0.000000,0.000000,0.000000,0.000000,1.000000>,<9.390000>,<MA_matrix_G1>,<1>,<1134299>
<479.436101,330.535525,-388.574884>,<-0.454113,0.668772,-0.588664,0.000000,0.890943,0.341908,-0.298863,0.000000,0.001397,-0.660184,-0.751103,0.000000,0.000000,0.000000,0.000000,1.000000>,<9.390000>,<MA_matrix_G1>,<1>,<1134075>
<458.473392,-0.323045,-529.089224>,<-0.533124,0.595803,0.600664,0.000000,-0.822500,-0.198693,-0.532931,0.000000,-0.198174,-0.778164,0.595976,0.000000,0.000000,0.000000,0.000000,1.000000>,<9.390000>,<MA_matrix_G1>,<1>,<1134631>
<335.782883,323.558828,-522.022900>,<0.089782,0.470670,0.877729,0.000000,-0.865740,0.472565,-0.164851,0.000000,-0.492375,-0.745085,0.449906,0.000000,0.000000,0.000000,0.000000,1.000000>,<9.390000>,<MA_matrix_G1>,<1>,<1134142>
<257.014181,489.859468,428.316468>,<0.391253,0.380807,0.837799,0.000000,0.532857,0.648501,-0.543609,0.000000,-0.750323,0.659115,0.050812,0.000000,0.000000,0.000000,0.000000,1.000000>,<9.390000>,<MA_matrix_G1>,<1>,<1133703>
<389.022306,19.934138,-581.232511>,<-0.572144,0.562988,-0.596402,0.000000,0.727432,0.012477,-0.686067,0.000000,-0.378806,-0.826371,-0.416674,0.000000,0.000000,0.000000,0.000000,1.000000>,<9.390000>,<MA_matrix_G1>,<1>,<1132851>
<172.086449,620.246733,-275.230102>,<0.615332,0.315140,0.722533,0.000000,-0.503201,0.862584,0.052318,0.000000,-0.606758,-0.395772,0.689354,0.000000,0.000000,0.000000,0.000000,1.000000>,<9.390000>,<MA_matrix_G1>,<1>,<1133999>
<657.905776,156.621464,-181.063196>,<-0.359373,0.931971,0.047770,0.000000,0.547833,0.252134,-0.797689,0.000000,-0.755467,-0.260498,-0.601174,0.000000,0.000000,0.000000,0.000000,1.000000>,<9.390000>,<MA_matrix_G1>,<1>,<1134525>
<323.500594,449.096668,428.374968>,<0.614778,0.543640,0.571405,0.000000,0.198808,0.594278,-0.779300,0.000000,-0.763232,0.592697,0.257269,0.000000,0.000000,0.000000,0.000000,1.000000>,<9.390000>,<MA_matrix_G1>,<1>,<1133721>
<209.332504,411.863883,524.789102>,<-0.556594,0.417734,-0.718124,0.000000,-0.562465,0.446678,0.695782,0.000000,0.611422,0.791187,-0.013657,0.000000,0.000000,0.000000,0.000000,1.000000>,<9.390000>,<MA_matrix_G1>,<1>,<1133706>
<336.852613,-96.215736,-605.686958>,<-0.861136,0.395439,-0.319490,0.000000,0.222197,-0.272481,-0.936153,0.000000,-0.457246,-0.877144,0.146777,0.000000,0.000000,0.000000,0.000000,1.000000>,<9.390000>,<MA_matrix_G1>,<1>,<1133095>
<50.028730,-584.332549,-381.249964>,<0.474154,0.051482,0.878936,0.000000,-0.467089,-0.831516,0.300682,0.000000,0.746328,-0.553111,-0.370220,0.000000,0.000000,0.000000,0.000000,1.000000>,<9.390000>,<MA_matrix_G1>,<1>,<1133590>
<632.333667,-299.151187,30.990480>,<-0.096937,0.930201,0.354019,0.000000,0.073480,-0.348035,0.934598,0.000000,0.992574,0.116611,-0.034614,0.000000,0.000000,0.000000,0.000000,1.000000>,<9.390000>,<MA_matrix_G1>,<1>,<1134459>
<632.580895,-157.522028,-255.608845>,<-0.184432,0.881720,-0.434229,0.000000,0.526923,-0.284245,-0.800973,0.000000,-0.829661,-0.376530,-0.412174,0.000000,0.000000,0.000000,0.000000,1.000000>,<9.390000>,<MA_matrix_G1>,<1>,<1134623>
<68.331405,-331.842469,612.913251>,<0.913508,0.113145,0.390771,0.000000,0.395562,-0.471450,-0.788204,0.000000,0.095048,0.874605,-0.475429,0.000000,0.000000,0.000000,0.000000,1.000000>,<9.390000>,<MA_matrix_G1>,<1>,<1132691>
<204.688134,-602.354345,-293.918942>,<-0.883458,0.288314,0.369291,0.000000,-0.365845,-0.916933,-0.159344,0.000000,0.292675,-0.275877,0.915551,0.000000,0.000000,0.000000,0.000000,1.000000>,<9.390000>,<MA_matrix_G1>,<1>,<1133068>
<128.934394,606.679601,-324.278967>,<0.698968,0.185418,0.690698,0.000000,-0.494210,0.823320,0.279107,0.000000,-0.516914,-0.536437,0.667109,0.000000,0.000000,0.000000,0.000000,1.000000>,<9.390000>,<MA_matrix_G1>,<1>,<1132810>
<-0.802803,147.824288,-684.009096>,<0.606204,0.037900,-0.794405,0.000000,0.765965,0.241004,0.596000,0.000000,0.214043,-0.969784,0.117067,0.000000,0.000000,0.000000,0.000000,1.000000>,<9.390000>,<MA_matrix_G1>,<1>,<1134244>
<482.001381,-19.509316,507.308904>,<0.512068,0.610400,0.604317,0.000000,0.787496,-0.052691,-0.614064,0.000000,-0.342982,0.790339,-0.507668,0.000000,0.000000,0.000000,0.000000,1.000000>,<9.390000>,<MA_matrix_G1>,<1>,<1134473>
<532.265931,354.367251,-284.600813>,<0.531450,0.732478,0.425485,0.000000,-0.844962,0.493966,0.205027,0.000000,-0.059998,-0.468480,0.881434,0.000000,0.000000,0.000000,0.000000,1.000000>,<9.390000>,<MA_matrix_G1>,<1>,<1134046>
<23.003857,-109.678126,-691.169752>,<0.901605,0.030472,-0.431486,0.000000,0.428113,-0.205541,0.880041,0.000000,-0.061872,-0.978174,-0.198363,0.000000,0.000000,0.000000,0.000000,1.000000>,<9.390000>,<MA_matrix_G1>,<1>,<1134264>
<-1.081240,430.178757,-552.888372>,<0.184629,0.041241,0.981943,0.000000,-0.752242,0.648917,0.114186,0.000000,-0.632490,-0.759741,0.150832,0.000000,0.000000,0.000000,0.000000,1.000000>,<9.390000>,<MA_matrix_G1>,<1>,<1134283>
<329.648498,-607.068036,-112.857842>,<-0.918616,0.375459,-0.123187,0.000000,-0.345959,-0.914814,-0.208393,0.000000,-0.190936,-0.148815,0.970256,0.000000,0.000000,0.000000,0.000000,1.000000>,<9.390000>,<MA_matrix_G1>,<1>,<1133247>
<560.498157,-153.209523,-389.867850>,<-0.473295,0.785919,0.397899,0.000000,-0.821881,-0.231411,-0.520539,0.000000,-0.317023,-0.573394,0.755457,0.000000,0.000000,0.000000,0.000000,1.000000>,<9.390000>,<MA_matrix_G1>,<1>,<1134654>
<507.887478,187.282225,443.798187>,<-0.606806,0.769697,-0.198376,0.000000,-0.107395,0.167895,0.979938,0.000000,0.787561,0.615937,-0.019218,0.000000,0.000000,0.000000,0.000000,1.000000>,<9.390000>,<MA_matrix_G1>,<1>,<1133835>
