<-15.721514,49.012501,146.638256>,<-0.015309,0.000000,-0.999883,0.000000,0.000000,1.000000,0.000000,0.000000,0.999883,0.000000,-0.015309,0.000000,0.000000,0.000000,0.000000,1.000000>,<50.000000>,<Actine>,<0>,<26601>
<43.273383,43.064222,142.228212>,<0.196133,0.164893,-0.966614,0.000000,0.164893,0.966177,0.198276,0.000000,0.966614,-0.198276,0.162310,0.000000,0.000000,0.000000,0.000000,1.000000>,<50.000000>,<Actine>,<0>,<26604>
<-22.740249,378.101990,448.369743>,<-0.258075,0.000000,0.966125,0.000000,0.000000,1.000000,0.000000,0.000000,-0.966125,0.000000,-0.258075,0.000000,0.000000,0.000000,0.000000,1.000000>,<50.000000>,<Actine>,<0>,<38615>
<-79.103570,368.837136,464.144513>,<-0.137502,-0.384914,0.912652,0.000000,-0.384914,0.869751,0.308828,0.000000,-0.912652,-0.308828,-0.267751,0.000000,0.000000,0.000000,0.000000,1.000000>,<50.000000>,<Actine>,<0>,<39287>
<-18.907683,-210.794998,-273.372181>,<-0.448710,0.000000,-0.893677,0.000000,0.000000,1.000000,0.000000,0.000000,0.893677,0.000000,-0.448710,0.000000,0.000000,0.000000,0.000000,1.000000>,<50.000000>,<Actine>,<0>,<9816>
<36.265606,-206.732758,-251.020426>,<-0.270291,-0.181935,-0.945432,0.000000,-0.181935,0.973943,-0.135408,0.000000,0.945432,0.135408,-0.296348,0.000000,0.000000,0.000000,0.000000,1.000000>,<50.000000>,<Actine>,<0>,<10509>
<-16.741414,187.576508,413.755525>,<-0.258967,0.000000,-0.965886,0.000000,0.000000,1.000000,0.000000,0.000000,0.965886,0.000000,-0.258967,0.000000,0.000000,0.000000,0.000000,1.000000>,<50.000000>,<Actine>,<0>,<37071>
<38.542270,186.360000,435.893136>,<-0.475797,0.068245,-0.876903,0.000000,0.068245,0.996844,0.040550,0.000000,0.876903,-0.040550,-0.478953,0.000000,0.000000,0.000000,0.000000,1.000000>,<50.000000>,<Actine>,<0>,<38454>
<72.748567,133.715840,424.556549>,<0.707765,0.224241,0.669914,0.000000,0.224241,0.827934,-0.514045,0.000000,-0.669914,0.514045,0.535698,0.000000,0.000000,0.000000,0.000000,1.000000>,<50.000000>,<Actine>,<0>,<37721>
<-33.038533,308.820007,250.145465>,<-0.001449,0.000000,-0.999999,0.000000,0.000000,1.000000,0.000000,0.000000,0.999999,0.000000,-0.001449,0.000000,0.000000,0.000000,0.000000,1.000000>,<50.000000>,<Actine>,<0>,<30965>
<25.774644,311.872337,257.965959>,<-0.245260,-0.131917,-0.960440,0.000000,-0.131917,0.986025,-0.101744,0.000000,0.960440,0.101744,-0.259234,0.000000,0.000000,0.000000,0.000000,1.000000>,<50.000000>,<Actine>,<0>,<30968>
<96.302330,-176.154007,-468.075277>,<-0.886808,0.000000,0.462139,0.000000,0.000000,1.000000,0.000000,0.000000,-0.462139,0.000000,-0.886808,0.000000,0.000000,0.000000,0.000000,1.000000>,<50.000000>,<Actine>,<0>,<2262>
<60.395814,-177.092338,-421.142393>,<-0.674587,-0.071286,0.734745,0.000000,-0.071286,0.996965,0.031278,0.000000,-0.734745,-0.031278,-0.677622,0.000000,0.000000,0.000000,0.000000,1.000000>,<50.000000>,<Actine>,<0>,<3640>
<-87.976588,209.566623,397.193261>,<0.965530,-0.057246,0.253920,0.000000,-0.057246,0.904928,0.421696,0.000000,-0.253920,-0.421696,0.870458,0.000000,0.000000,0.000000,0.000000,1.000000>,<50.000000>,<Actine>,<0>,<36392>
<-102.007121,185.330414,344.160114>,<0.975916,-0.043510,0.213765,0.000000,-0.043510,0.921398,0.386178,0.000000,-0.213765,-0.386178,0.897313,0.000000,0.000000,0.000000,0.000000,1.000000>,<50.000000>,<Actine>,<0>,<34306>
<-34.051294,-314.717987,-492.707986>,<-0.643067,0.000000,0.765810,0.000000,0.000000,1.000000,0.000000,0.000000,-0.765810,0.000000,-0.643067,0.000000,0.000000,0.000000,0.000000,1.000000>,<50.000000>,<Actine>,<0>,<755>
<-78.287737,-322.131209,-453.592623>,<-0.480772,-0.516283,0.708738,0.000000,-0.516283,0.819994,0.247107,0.000000,-0.708738,-0.247107,-0.660778,0.000000,0.000000,0.000000,0.000000,1.000000>,<50.000000>,<Actine>,<0>,<2132>
<6.197589,359.876831,44.254443>,<0.502193,-0.304688,-0.809301,0.000000,-0.710260,-0.679186,-0.185033,0.000000,-0.493288,0.667736,-0.557490,0.000000,0.000000,0.000000,0.000000,1.000000>,<15.000000>,<iTallCuboid>,<0>,<22732>
<-10.444026,385.204311,108.545909>,<-0.224507,-0.418782,-0.879897,0.000000,0.356467,-0.875659,0.325812,0.000000,-0.906933,-0.240507,0.345873,0.000000,0.000000,0.000000,0.000000,1.000000>,<15.000000>,<iTallCuboid>,<0>,<25506>
<-12.598066,-360.798537,-300.093479>,<0.190228,-0.977994,0.085676,0.000000,0.978358,0.181612,-0.099164,0.000000,0.081422,0.102686,0.991376,0.000000,0.000000,0.000000,0.000000,1.000000>,<15.000000>,<iTallCuboid>,<0>,<8301>
<92.187510,331.973251,110.935356>,<-0.353938,-0.087841,0.931135,0.000000,0.913514,0.181015,0.364316,0.000000,-0.200551,0.979550,0.016176,0.000000,0.000000,0.000000,0.000000,1.000000>,<15.000000>,<iTallCuboid>,<0>,<25467>
<25.016835,206.372125,137.714005>,<-0.662108,0.686354,-0.300884,0.000000,0.730661,0.501987,-0.462756,0.000000,-0.166575,-0.526239,-0.833862,0.000000,0.000000,0.000000,0.000000,1.000000>,<75.000000>,<iBigCuboid>,<0>,<26048>
<-53.681822,-296.104030,-172.644332>,<-0.843137,-0.030578,0.536829,0.000000,-0.081583,0.994098,-0.071508,0.000000,-0.531474,-0.104087,-0.840655,0.000000,0.000000,0.000000,0.000000,1.000000>,<75.000000>,<iBigCuboid>,<0>,<13188>
<41.616317,325.251384,-463.721148>,<0.954312,-0.298422,0.015224,0.000000,0.072547,0.181969,-0.980624,0.000000,0.289870,0.936927,0.195305,0.000000,0.000000,0.000000,0.000000,1.000000>,<15.000000>,<iTallCuboid>,<0>,<2694>
<92.104323,309.989930,-495.691481>,<-0.402698,0.777236,-0.483464,0.000000,0.901341,0.244716,-0.357350,0.000000,-0.159434,-0.579670,-0.799101,0.000000,0.000000,0.000000,0.000000,1.000000>,<15.000000>,<iTallCuboid>,<0>,<1302>
<-10.179809,393.905863,-511.228833>,<0.497101,0.510826,-0.701390,0.000000,0.708708,-0.705409,-0.011466,0.000000,-0.500624,-0.491381,-0.712685,0.000000,0.000000,0.000000,0.000000,1.000000>,<15.000000>,<iTallCuboid>,<0>,<681>
<91.458604,394.967088,459.197747>,<0.399077,-0.597696,0.695340,0.000000,0.260635,-0.653118,-0.710990,0.000000,0.879095,0.464969,-0.104863,0.000000,0.000000,0.000000,0.000000,1.000000>,<15.000000>,<iTallCuboid>,<0>,<39327>
<128.275588,390.723492,-359.303233>,<-0.332467,0.667342,0.666424,0.000000,0.236340,0.743026,-0.626144,0.000000,-0.913022,-0.050670,-0.404751,0.000000,0.000000,0.000000,0.000000,1.000000>,<15.000000>,<iTallCuboid>,<0>,<6899>
<112.571080,377.086772,409.724421>,<-0.293428,0.131861,-0.946844,0.000000,-0.947124,0.094414,0.306663,0.000000,0.129833,0.986762,0.097185,0.000000,0.000000,0.000000,0.000000,1.000000>,<15.000000>,<iTallCuboid>,<0>,<37243>
<127.358316,357.035964,-373.262928>,<-0.515270,-0.045398,-0.855824,0.000000,0.849952,0.100985,-0.517092,0.000000,0.109900,-0.993852,-0.013448,0.000000,0.000000,0.000000,0.000000,1.000000>,<15.000000>,<iTallCuboid>,<0>,<6179>
<-121.611319,341.902981,-69.415324>,<-0.408212,-0.912868,0.005917,0.000000,-0.506911,0.221278,-0.833113,0.000000,0.759213,-0.343086,-0.553071,0.000000,0.000000,0.000000,0.000000,1.000000>,<75.000000>,<iBigCuboid>,<0>,<18570>
<94.596852,399.906786,-403.502233>,<0.962411,0.254032,0.096085,0.000000,-0.261385,0.962423,0.073624,0.000000,-0.073771,-0.095972,0.992647,0.000000,0.000000,0.000000,0.000000,1.000000>,<15.000000>,<iTallCuboid>,<0>,<4827>
<-10.717105,356.414618,-510.992128>,<-0.039112,0.824643,-0.564299,0.000000,-0.780416,0.327473,0.532646,0.000000,0.624036,0.461222,0.630757,0.000000,0.000000,0.000000,0.000000,1.000000>,<15.000000>,<iTallCuboid>,<0>,<651>
<-11.294222,323.372125,-491.709169>,<-0.182979,0.398742,-0.898623,0.000000,0.222989,-0.873399,-0.432955,0.000000,-0.957494,-0.279605,0.070898,0.000000,0.000000,0.000000,0.000000,1.000000>,<15.000000>,<iTallCuboid>,<0>,<1311>
<110.545365,219.498563,337.609963>,<0.740446,0.650669,-0.168431,0.000000,-0.527524,0.717896,0.454251,0.000000,0.416483,-0.247497,0.874807,0.000000,0.000000,0.000000,0.000000,1.000000>,<15.000000>,<iTallCuboid>,<0>,<34348>
<110.444947,224.362655,370.291619>,<0.025096,-0.469391,-0.882634,0.000000,0.980135,0.185309,-0.070680,0.000000,0.196736,-0.863327,0.464717,0.000000,0.000000,0.000000,0.000000,1.000000>,<15.000000>,<iTallCuboid>,<0>,<35728>
<128.475321,-321.246315,-440.588362>,<0.671353,-0.222771,-0.706865,0.000000,-0.263775,0.819486,-0.508788,0.000000,0.692609,0.528029,0.491404,0.000000,0.000000,0.000000,0.000000,1.000000>,<15.000000>,<iTallCuboid>,<0>,<2834>
<127.698512,204.544003,353.277026>,<0.030770,-0.561704,0.826766,0.000000,-0.262456,-0.802673,-0.535567,0.000000,0.964453,-0.200510,-0.172120,0.000000,0.000000,0.000000,0.000000,1.000000>,<15.000000>,<iTallCuboid>,<0>,<35024>
<54.877051,-3.868103,-482.970725>,<-0.212856,-0.500992,0.838868,0.000000,0.714177,-0.665691,-0.216350,0.000000,0.666816,0.553048,0.499494,0.000000,0.000000,0.000000,0.000000,1.000000>,<75.000000>,<iBigCuboid>,<0>,<1720>
<-115.645076,340.615803,-513.009843>,<0.619617,-0.564213,-0.545654,0.000000,0.400648,-0.370447,0.838004,0.000000,-0.674949,-0.737857,-0.003484,0.000000,0.000000,0.000000,0.000000,1.000000>,<15.000000>,<iTallCuboid>,<0>,<630>
<111.148992,-318.457949,-483.327118>,<0.538628,0.832327,-0.130811,0.000000,-0.830256,0.550755,0.085696,0.000000,0.143372,0.062448,0.987697,0.000000,0.000000,0.000000,0.000000,1.000000>,<15.000000>,<iTallCuboid>,<0>,<1453>
<-89.219371,239.244057,-489.551160>,<-0.508764,0.860776,0.014987,0.000000,0.849913,0.499418,0.168015,0.000000,0.137139,0.098218,-0.985670,0.000000,0.000000,0.000000,0.000000,1.000000>,<75.000000>,<iBigCuboid>,<0>,<1231>
<75.597895,-360.443735,-374.861798>,<-0.325639,-0.867078,0.377008,0.000000,-0.160930,0.443753,0.881581,0.000000,-0.931698,0.226405,-0.284042,0.000000,0.000000,0.000000,0.000000,1.000000>,<15.000000>,<iTallCuboid>,<0>,<5546>
<127.373690,398.271071,-291.992748>,<0.448896,0.515725,0.729740,0.000000,-0.430941,0.840345,-0.328802,0.000000,-0.782804,-0.166877,0.599474,0.000000,0.000000,0.000000,0.000000,1.000000>,<15.000000>,<iTallCuboid>,<0>,<9659>
<127.950435,-314.622008,-515.190248>,<-0.270076,0.588740,0.761868,0.000000,-0.772035,-0.605241,0.194025,0.000000,0.575345,-0.535787,0.617989,0.000000,0.000000,0.000000,0.000000,1.000000>,<15.000000>,<iTallCuboid>,<0>,<74>
<129.855212,315.778153,-66.852153>,<-0.144937,0.809248,0.569308,0.000000,-0.398474,0.478920,-0.782211,0.000000,-0.905656,-0.340226,0.253051,0.000000,0.000000,0.000000,0.000000,1.000000>,<75.000000>,<iBigCuboid>,<0>,<18569>
<5.920951,396.729718,398.697800>,<-0.045159,0.723720,0.688614,0.000000,0.816712,0.423700,-0.391741,0.000000,-0.575276,0.544708,-0.610205,0.000000,0.000000,0.000000,0.000000,1.000000>,<15.000000>,<iTallCuboid>,<0>,<37252>
<92.798635,-384.842902,-457.626899>,<0.738715,0.379372,0.557115,0.000000,0.673739,-0.391831,-0.626533,0.000000,-0.019394,0.838180,-0.545049,0.000000,0.000000,0.000000,0.000000,1.000000>,<15.000000>,<iTallCuboid>,<0>,<2082>
<93.348020,392.732090,440.091912>,<0.451717,0.778550,-0.435673,0.000000,-0.689567,0.614531,0.383209,0.000000,0.566082,0.127324,0.814457,0.000000,0.000000,0.000000,0.000000,1.000000>,<15.000000>,<iTallCuboid>,<0>,<38637>
<127.088234,228.226137,-473.469283>,<-0.179418,-0.887350,0.424758,0.000000,0.852029,0.075678,0.517996,0.000000,-0.491789,0.454844,0.742470,0.000000,0.000000,0.000000,0.000000,1.000000>,<75.000000>,<iBigCuboid>,<0>,<1934>
<74.354150,-387.576948,-394.062418>,<0.814003,0.451457,0.365495,0.000000,0.526190,-0.839613,-0.134807,0.000000,0.246015,0.302053,-0.921000,0.000000,0.000000,0.000000,0.000000,1.000000>,<15.000000>,<iTallCuboid>,<0>,<4841>
<76.444827,378.090424,402.958539>,<0.615574,0.336301,-0.712720,0.000000,-0.137732,0.936367,0.322871,0.000000,0.775950,-0.100586,0.622723,0.000000,0.000000,0.000000,0.000000,1.000000>,<15.000000>,<iTallCuboid>,<0>,<37241>
<-118.681456,374.414371,113.807533>,<-0.816382,0.284091,-0.502805,0.000000,0.298395,0.952918,0.053919,0.000000,0.494450,-0.106016,-0.862717,0.000000,0.000000,0.000000,0.000000,1.000000>,<75.000000>,<iBigCuboid>,<0>,<25500>
<127.220491,393.193008,160.893962>,<-0.355268,-0.484574,0.799358,0.000000,-0.922009,0.040867,-0.385006,0.000000,0.153897,-0.873795,-0.461300,0.000000,0.000000,0.000000,0.000000,1.000000>,<15.000000>,<iTallCuboid>,<0>,<27599>
<74.407240,-315.829388,-405.278963>,<-0.041338,0.745149,0.665615,0.000000,0.601064,-0.513611,0.612312,0.000000,0.798131,0.425389,-0.426650,0.000000,0.000000,0.000000,0.000000,1.000000>,<15.000000>,<iTallCuboid>,<0>,<4211>
<129.094119,-383.189384,-457.888811>,<0.749734,0.598058,0.283240,0.000000,-0.131746,0.554356,-0.821786,0.000000,-0.648492,0.578806,0.494411,0.000000,0.000000,0.000000,0.000000,1.000000>,<15.000000>,<iTallCuboid>,<0>,<2084>
<75.879168,-314.225862,-445.442392>,<-0.401176,-0.678503,0.615380,0.000000,0.391454,-0.734367,-0.554499,0.000000,0.828144,0.018441,0.560213,0.000000,0.000000,0.000000,0.000000,1.000000>,<15.000000>,<iTallCuboid>,<0>,<2831>
<-115.547006,-313.558514,-517.230638>,<-0.029420,0.944741,-0.326496,0.000000,0.968376,0.107900,0.224957,0.000000,0.247754,-0.309553,-0.918039,0.000000,0.000000,0.000000,0.000000,1.000000>,<15.000000>,<iTallCuboid>,<0>,<60>
<111.118493,-385.761803,242.885448>,<0.566614,0.557844,-0.606431,0.000000,-0.767871,0.624427,-0.143055,0.000000,0.298869,0.546718,0.782162,0.000000,0.000000,0.000000,0.000000,1.000000>,<75.000000>,<iBigCuboid>,<0>,<30373>
<133.642454,184.921498,26.916857>,<-0.898195,-0.232127,-0.373313,0.000000,-0.206597,-0.526687,0.824571,0.000000,-0.388024,0.817751,0.425111,0.000000,0.000000,0.000000,0.000000,1.000000>,<75.000000>,<iBigCuboid>,<0>,<21899>
<-106.253715,92.114629,436.494428>,<0.740321,-0.622020,-0.254982,0.000000,0.343399,0.023836,0.938887,0.000000,-0.577929,-0.782639,0.231247,0.000000,0.000000,0.000000,0.000000,1.000000>,<75.000000>,<iBigCuboid>,<0>,<38371>
<-105.739271,101.777138,255.921717>,<0.139946,0.811768,-0.566964,0.000000,-0.607370,-0.381842,-0.696634,0.000000,-0.781996,0.441848,0.439606,0.000000,0.000000,0.000000,0.000000,1.000000>,<75.000000>,<iBigCuboid>,<0>,<30781>
<127.131951,28.337889,504.704809>,<-0.225252,-0.724910,0.650974,0.000000,0.306239,-0.686960,-0.659017,0.000000,0.924921,0.050909,0.376735,0.000000,0.000000,0.000000,0.000000,1.000000>,<75.000000>,<iBigCuboid>,<0>,<41084>
<103.359829,-333.798000,-187.796297>,<-0.237335,-0.748089,0.619706,0.000000,0.093081,-0.652511,-0.752041,0.000000,0.966958,-0.120803,0.224496,0.000000,0.000000,0.000000,0.000000,1.000000>,<75.000000>,<iBigCuboid>,<0>,<13167>
<57.215856,-388.338826,91.683617>,<-0.129302,0.949963,-0.284342,0.000000,0.860873,-0.034768,-0.507630,0.000000,-0.492116,-0.310420,-0.813302,0.000000,0.000000,0.000000,0.000000,1.000000>,<75.000000>,<iBigCuboid>,<0>,<24160>
<-99.714465,286.136408,533.448587>,<0.331850,-0.113446,-0.936486,0.000000,0.219438,-0.956226,0.193596,0.000000,-0.917455,-0.269745,-0.292429,0.000000,0.000000,0.000000,0.000000,1.000000>,<75.000000>,<iBigCuboid>,<0>,<41986>
<108.936610,-348.258217,-510.931619>,<-0.544841,-0.717940,0.433255,0.000000,-0.809203,0.585633,-0.047173,0.000000,-0.219860,-0.376293,-0.900036,0.000000,0.000000,0.000000,0.000000,1.000000>,<15.000000>,<iTallCuboid>,<0>,<43>
<-94.510007,-179.398902,-417.933921>,<0.801135,0.591587,0.090595,0.000000,-0.570164,0.800444,-0.184940,0.000000,-0.181924,0.096508,0.978565,0.000000,0.000000,0.000000,0.000000,1.000000>,<75.000000>,<iBigCuboid>,<0>,<4321>
<126.552327,398.864361,-265.232769>,<-0.781256,0.591471,0.199500,0.000000,0.402972,0.721985,-0.562452,0.000000,-0.476710,-0.359026,-0.802401,0.000000,0.000000,0.000000,0.000000,1.000000>,<15.000000>,<iTallCuboid>,<0>,<10349>
<-44.040810,401.347627,-183.938825>,<0.603746,0.379126,-0.701252,0.000000,0.081242,0.845827,0.527235,0.000000,0.793026,-0.375287,0.479864,0.000000,0.000000,0.000000,0.000000,1.000000>,<75.000000>,<iBigCuboid>,<0>,<13789>
<21.025238,-365.448313,494.128575>,<-0.649140,-0.206932,0.731981,0.000000,-0.357262,-0.766608,-0.533550,0.000000,0.671551,-0.607858,0.423707,0.000000,0.000000,0.000000,0.000000,1.000000>,<75.000000>,<iBigCuboid>,<0>,<40043>
<127.816819,-384.901710,-510.695694>,<-0.537579,0.468131,0.701329,0.000000,0.834797,0.178249,0.520904,0.000000,0.118840,0.865494,-0.486618,0.000000,0.000000,0.000000,0.000000,1.000000>,<15.000000>,<iTallCuboid>,<0>,<14>
<58.207354,393.223886,407.073007>,<-0.350423,-0.032021,0.936044,0.000000,-0.849574,-0.409819,-0.332071,0.000000,0.394242,-0.911604,0.116406,0.000000,0.000000,0.000000,0.000000,1.000000>,<15.000000>,<iTallCuboid>,<0>,<37255>
<-112.572097,132.812228,7.809717>,<-0.770517,-0.021314,-0.637063,0.000000,0.636177,0.036658,-0.770672,0.000000,0.039780,-0.999101,-0.014686,0.000000,0.000000,0.000000,0.000000,1.000000>,<30.000000>,<iSmallCuboid>,<0>,<21150>
<-20.215428,155.899611,278.290371>,<-0.191407,-0.929596,-0.314983,0.000000,0.917035,-0.054980,-0.394999,0.000000,0.349872,-0.364456,0.862996,0.000000,0.000000,0.000000,0.000000,1.000000>,<30.000000>,<iSmallCuboid>,<0>,<32210>
<9.922174,239.548949,-395.232767>,<0.073350,0.983694,0.164215,0.000000,-0.772759,-0.048030,0.632880,0.000000,0.630447,-0.173320,0.756635,0.000000,0.000000,0.000000,0.000000,1.000000>,<30.000000>,<iSmallCuboid>,<0>,<5377>
<59.290345,-200.254145,-338.020393>,<0.706832,-0.568717,0.420654,0.000000,0.689543,0.686647,-0.230316,0.000000,-0.157856,0.452853,0.877499,0.000000,0.000000,0.000000,0.000000,1.000000>,<30.000000>,<iSmallCuboid>,<0>,<7075>
<109.126873,310.975911,427.094360>,<0.211131,0.922287,-0.323746,0.000000,-0.815635,0.348761,0.461634,0.000000,0.538669,0.166593,0.825883,0.000000,0.000000,0.000000,0.000000,1.000000>,<30.000000>,<iSmallCuboid>,<0>,<37873>
<9.890755,43.264666,421.801471>,<0.214872,0.666377,-0.713983,0.000000,-0.016290,0.733402,0.679600,0.000000,0.976506,-0.134396,0.168443,0.000000,0.000000,0.000000,0.000000,1.000000>,<30.000000>,<iSmallCuboid>,<0>,<37642>
<129.140660,307.164113,300.324430>,<-0.952835,0.262930,-0.151570,0.000000,-0.036037,0.397870,0.916734,0.000000,0.301342,0.878958,-0.369630,0.000000,0.000000,0.000000,0.000000,1.000000>,<30.000000>,<iSmallCuboid>,<0>,<33044>
<88.659586,141.110441,264.307453>,<-0.448445,-0.783760,-0.429671,0.000000,0.153922,-0.541254,0.826651,0.000000,-0.880457,0.304572,0.363360,0.000000,0.000000,0.000000,0.000000,1.000000>,<30.000000>,<iSmallCuboid>,<0>,<31512>
<-98.056096,-129.111331,-189.288388>,<-0.999525,0.014416,-0.027254,0.000000,0.027756,0.805588,-0.591826,0.000000,0.013424,-0.592301,-0.805605,0.000000,0.000000,0.000000,0.000000,1.000000>,<30.000000>,<iSmallCuboid>,<0>,<13336>
<123.063945,-387.635946,-319.819089>,<-0.785242,-0.208668,0.582969,0.000000,0.417996,-0.873240,0.250461,0.000000,0.456809,0.440351,0.772927,0.000000,0.000000,0.000000,0.000000,1.000000>,<30.000000>,<iSmallCuboid>,<0>,<7604>
<90.524499,374.582002,-164.021696>,<0.197816,-0.941398,-0.273202,0.000000,-0.106357,0.256451,-0.960688,0.000000,0.974452,0.219096,-0.049394,0.000000,0.000000,0.000000,0.000000,1.000000>,<30.000000>,<iSmallCuboid>,<0>,<14472>
<92.669039,-296.602433,431.162531>,<-0.545597,-0.833540,-0.086807,0.000000,-0.835532,0.549053,-0.020664,0.000000,0.064886,0.061256,-0.996011,0.000000,0.000000,0.000000,0.000000,1.000000>,<30.000000>,<iSmallCuboid>,<0>,<37347>
<-26.067410,51.753978,-464.857612>,<-0.975994,0.180796,0.121445,0.000000,-0.199462,-0.518031,-0.831781,0.000000,-0.087471,-0.836036,0.541657,0.000000,0.000000,0.000000,0.000000,1.000000>,<30.000000>,<iSmallCuboid>,<0>,<2450>
<89.002379,-356.629067,-78.485855>,<0.377355,0.917215,0.127749,0.000000,0.623514,-0.353636,0.697261,0.000000,0.684715,-0.183462,-0.705342,0.000000,0.000000,0.000000,0.000000,1.000000>,<30.000000>,<iSmallCuboid>,<0>,<17292>
<33.487614,396.673760,-84.219482>,<-0.222496,0.018806,0.974752,0.000000,-0.913846,0.344323,-0.215237,0.000000,-0.339677,-0.938663,-0.059425,0.000000,0.000000,0.000000,0.000000,1.000000>,<30.000000>,<iSmallCuboid>,<0>,<17934>
<8.732077,-175.842997,-158.756151>,<-0.950856,-0.028456,0.308322,0.000000,-0.290440,0.427100,-0.856289,0.000000,-0.107318,-0.903756,-0.414376,0.000000,0.000000,0.000000,0.000000,1.000000>,<30.000000>,<iSmallCuboid>,<0>,<13987>
<-81.603539,-19.174452,113.183684>,<-0.644457,-0.687052,0.335611,0.000000,-0.703596,0.360988,-0.612078,0.000000,0.299378,-0.630593,-0.716048,0.000000,0.000000,0.000000,0.000000,1.000000>,<30.000000>,<iSmallCuboid>,<0>,<25157>
<-116.228906,378.635170,-455.178464>,<-0.713556,-0.680284,-0.167487,0.000000,0.700597,-0.693257,-0.168992,0.000000,-0.001149,-0.237926,0.971283,0.000000,0.000000,0.000000,0.000000,1.000000>,<30.000000>,<iSmallCuboid>,<0>,<2730>
<-66.948902,136.447759,9.906581>,<-0.700523,0.404224,0.588108,0.000000,-0.080543,0.774057,-0.627972,0.000000,-0.709070,-0.487277,-0.509687,0.000000,0.000000,0.000000,0.000000,1.000000>,<30.000000>,<iSmallCuboid>,<0>,<21153>
<-10.130065,390.655679,193.543476>,<-0.257118,0.952227,-0.164786,0.000000,-0.834115,-0.304785,-0.459738,0.000000,-0.487999,0.019244,0.872632,0.000000,0.000000,0.000000,0.000000,1.000000>,<30.000000>,<iSmallCuboid>,<0>,<28971>
<-25.539318,-343.992133,300.146836>,<-0.523793,0.128206,0.842142,0.000000,-0.849048,-0.158630,-0.503939,0.000000,0.068981,-0.978979,0.191942,0.000000,0.000000,0.000000,0.000000,1.000000>,<30.000000>,<iSmallCuboid>,<0>,<32465>
<-3.025123,-330.189488,-264.727661>,<0.658920,-0.484843,-0.575109,0.000000,-0.573565,0.170812,-0.801153,0.000000,0.486669,0.857759,-0.165538,0.000000,0.000000,0.000000,0.000000,1.000000>,<30.000000>,<iSmallCuboid>,<0>,<9711>
<-111.770340,114.520262,63.201945>,<-0.814123,-0.191442,0.548228,0.000000,-0.234098,0.972179,-0.008151,0.000000,-0.531415,-0.134975,-0.836290,0.000000,0.000000,0.000000,0.000000,1.000000>,<30.000000>,<iSmallCuboid>,<0>,<23205>
<-40.244417,-4.082841,28.987771>,<0.892977,0.420246,-0.161201,0.000000,0.254493,-0.766807,-0.589271,0.000000,-0.371249,0.485181,-0.791690,0.000000,0.000000,0.000000,0.000000,1.000000>,<30.000000>,<iSmallCuboid>,<0>,<21724>
<-36.742893,-351.268555,131.352967>,<-0.540490,-0.512649,-0.667130,0.000000,0.524694,-0.825226,0.209044,0.000000,-0.657698,-0.237053,0.715010,0.000000,0.000000,0.000000,0.000000,1.000000>,<30.000000>,<iSmallCuboid>,<0>,<25564>
<-118.848092,-157.559159,-323.535713>,<0.174792,0.370665,0.912171,0.000000,-0.509813,-0.758502,0.405912,0.000000,0.842341,-0.535987,0.056389,0.000000,0.000000,0.000000,0.000000,1.000000>,<30.000000>,<iSmallCuboid>,<0>,<7785>
<64.903441,328.555260,11.989304>,<-0.699683,0.436316,0.565748,0.000000,-0.714441,-0.431845,-0.550531,0.000000,0.004110,-0.789391,0.613877,0.000000,0.000000,0.000000,0.000000,1.000000>,<30.000000>,<iSmallCuboid>,<0>,<21326>
<81.553727,-123.225462,-292.162648>,<0.038079,0.846657,0.530774,0.000000,0.142655,0.521113,-0.841481,0.000000,-0.989040,0.107760,-0.100937,0.000000,0.000000,0.000000,0.000000,1.000000>,<30.000000>,<iSmallCuboid>,<0>,<9206>
<-7.739649,-138.919264,-353.511013>,<-0.551404,0.312133,0.773645,0.000000,0.280801,-0.803811,0.524441,0.000000,0.785560,0.506419,0.355577,0.000000,0.000000,0.000000,0.000000,1.000000>,<30.000000>,<iSmallCuboid>,<0>,<6426>
<-118.951916,-395.239252,144.202992>,<0.497765,0.690021,-0.525452,0.000000,-0.855875,0.292731,-0.426365,0.000000,-0.140385,0.661951,0.736283,0.000000,0.000000,0.000000,0.000000,1.000000>,<30.000000>,<iSmallCuboid>,<0>,<26220>
<-25.573360,381.890821,-428.771580>,<-0.373021,-0.209743,-0.903805,0.000000,0.033953,0.970375,-0.239205,0.000000,0.927202,-0.119915,-0.354849,0.000000,0.000000,0.000000,0.000000,1.000000>,<30.000000>,<iSmallCuboid>,<0>,<4115>
<-63.006533,-294.041590,-354.343859>,<0.467537,0.706852,-0.530820,0.000000,-0.018970,0.608377,0.793421,0.000000,0.883770,-0.360884,0.297848,0.000000,0.000000,0.000000,0.000000,1.000000>,<30.000000>,<iSmallCuboid>,<0>,<6288>
<83.623787,113.577406,-459.375974>,<0.882782,0.406958,0.234693,0.000000,-0.469344,0.785574,0.403223,0.000000,-0.020274,-0.466110,0.884494,0.000000,0.000000,0.000000,0.000000,1.000000>,<30.000000>,<iSmallCuboid>,<0>,<2517>
<-118.895516,-263.428347,-284.545853>,<0.878443,-0.416883,0.233551,0.000000,-0.324213,-0.160925,0.932196,0.000000,-0.351032,-0.894602,-0.276522,0.000000,0.000000,0.000000,0.000000,1.000000>,<30.000000>,<iSmallCuboid>,<0>,<9075>
<123.758635,368.852865,-502.433476>,<-0.145063,0.535796,0.831793,0.000000,-0.553272,0.653036,-0.517140,0.000000,-0.820272,-0.535226,0.201710,0.000000,0.000000,0.000000,0.000000,1.000000>,<30.000000>,<iSmallCuboid>,<0>,<1349>
<9.583377,-290.888027,420.715556>,<0.047936,-0.248172,-0.967529,0.000000,-0.795447,0.576370,-0.187249,0.000000,0.604125,0.778594,-0.169778,0.000000,0.000000,0.000000,0.000000,1.000000>,<30.000000>,<iSmallCuboid>,<0>,<37357>
<-82.760742,195.917761,222.136409>,<0.298632,0.924326,0.237572,0.000000,0.706705,-0.046877,-0.705954,0.000000,-0.641395,0.378714,-0.667224,0.000000,0.000000,0.000000,0.000000,1.000000>,<30.000000>,<iSmallCuboid>,<0>,<29477>
<3.055110,278.158570,467.991875>,<-0.063692,-0.515840,0.854314,0.000000,0.751162,0.538823,0.381347,0.000000,-0.657038,0.666017,0.353161,0.000000,0.000000,0.000000,0.000000,1.000000>,<30.000000>,<iSmallCuboid>,<0>,<39907>
<79.062475,310.014092,304.022093>,<-0.977110,0.120465,0.175340,0.000000,0.129561,0.990709,0.041346,0.000000,-0.168730,0.063117,-0.983639,0.000000,0.000000,0.000000,0.000000,1.000000>,<30.000000>,<iSmallCuboid>,<0>,<33041>
<37.363841,289.046613,-374.212926>,<-0.607903,-0.499933,0.616864,0.000000,-0.771218,0.186957,-0.608498,0.000000,0.188881,-0.845644,-0.499209,0.000000,0.000000,0.000000,0.000000,1.000000>,<30.000000>,<iSmallCuboid>,<0>,<6114>
<-36.781438,312.917557,175.109868>,<-0.599594,0.294042,-0.744330,0.000000,0.117095,0.952282,0.281866,0.000000,0.791692,0.081848,-0.605413,0.000000,0.000000,0.000000,0.000000,1.000000>,<30.000000>,<iSmallCuboid>,<0>,<28204>
<-71.435620,168.273732,-416.344711>,<0.626075,0.447019,0.638908,0.000000,0.306775,0.612084,-0.728864,0.000000,-0.716882,0.652324,0.246076,0.000000,0.000000,0.000000,0.000000,1.000000>,<30.000000>,<iSmallCuboid>,<0>,<3932>
<-99.874420,198.406161,96.165031>,<-0.015423,0.363797,0.931351,0.000000,0.230190,0.907734,-0.350759,0.000000,-0.973023,0.208978,-0.097743,0.000000,0.000000,0.000000,0.000000,1.000000>,<30.000000>,<iSmallCuboid>,<0>,<24661>
<-44.946231,133.183815,529.572017>,<-0.446709,0.651398,-0.613296,0.000000,-0.370533,-0.758639,-0.535884,0.000000,-0.814344,-0.012138,0.580255,0.000000,0.000000,0.000000,0.000000,1.000000>,<30.000000>,<iSmallCuboid>,<0>,<41854>
<5.370249,-206.062871,-359.832033>,<0.374465,-0.240457,-0.895520,0.000000,0.339494,-0.863173,0.373732,0.000000,-0.862856,-0.443973,-0.241595,0.000000,0.000000,0.000000,0.000000,1.000000>,<30.000000>,<iSmallCuboid>,<0>,<6367>
<38.016952,308.297728,116.024343>,<-0.434129,0.668359,-0.604011,0.000000,0.257278,-0.550577,-0.794149,0.000000,-0.863331,-0.500161,0.067068,0.000000,0.000000,0.000000,0.000000,1.000000>,<30.000000>,<iSmallCuboid>,<0>,<25449>
<9.794876,176.006673,-506.216927>,<0.474426,0.847914,0.236562,0.000000,0.748582,-0.529999,0.398404,0.000000,0.463190,-0.011927,-0.886179,0.000000,0.000000,0.000000,0.000000,1.000000>,<30.000000>,<iSmallCuboid>,<0>,<487>
<25.714982,252.493415,285.037751>,<-0.313756,-0.070154,-0.946909,0.000000,0.845845,-0.473750,-0.245169,0.000000,-0.431398,-0.877861,0.207981,0.000000,0.000000,0.000000,0.000000,1.000000>,<30.000000>,<iSmallCuboid>,<0>,<32303>
<56.189165,101.319778,-512.645139>,<0.384925,0.333147,-0.860724,0.000000,-0.855576,0.478566,-0.197392,0.000000,0.346153,0.812396,0.469244,0.000000,0.000000,0.000000,0.000000,1.000000>,<30.000000>,<iSmallCuboid>,<0>,<430>
<-11.164676,291.511740,-7.793932>,<-0.960016,-0.275763,0.048198,0.000000,0.252335,-0.777863,0.575548,0.000000,-0.121224,0.564698,0.816346,0.000000,0.000000,0.000000,0.000000,1.000000>,<30.000000>,<iSmallCuboid>,<0>,<20601>
<114.211916,-207.764677,-293.303748>,<0.476481,-0.707964,-0.521299,0.000000,0.818720,0.141209,0.556559,0.000000,-0.320411,-0.691988,0.646907,0.000000,0.000000,0.000000,0.000000,1.000000>,<30.000000>,<iSmallCuboid>,<0>,<9133>
<2.178630,329.409182,-347.030675>,<-0.528343,0.010243,-0.848969,0.000000,0.678322,0.606465,-0.414826,0.000000,0.510621,-0.795045,-0.327369,0.000000,0.000000,0.000000,0.000000,1.000000>,<30.000000>,<iSmallCuboid>,<0>,<6832>
<-115.036873,-309.938573,-251.854004>,<0.226716,-0.238390,-0.944336,0.000000,-0.742681,0.584952,-0.325969,0.000000,0.630099,0.775243,-0.044430,0.000000,0.000000,0.000000,0.000000,1.000000>,<30.000000>,<iSmallCuboid>,<0>,<10410>
<-9.244899,-228.430153,-459.691541>,<-0.526496,-0.179040,0.831111,0.000000,0.758023,-0.541515,0.363541,0.000000,0.384971,0.821405,0.420822,0.000000,0.000000,0.000000,0.000000,1.000000>,<30.000000>,<iSmallCuboid>,<0>,<2211>
<127.370495,-101.267996,6.873756>,<-0.149714,0.988347,-0.027509,0.000000,-0.725552,-0.090920,0.682135,0.000000,0.671685,0.122084,0.730709,0.000000,0.000000,0.000000,0.000000,1.000000>,<30.000000>,<iSmallCuboid>,<0>,<20954>
<-112.397109,-34.486431,439.210110>,<0.506998,0.855326,0.106633,0.000000,0.718637,-0.351147,-0.600213,0.000000,-0.475934,0.380937,-0.792700,0.000000,0.000000,0.000000,0.000000,1.000000>,<30.000000>,<iSmallCuboid>,<0>,<38250>
<19.939854,-284.242784,-368.776975>,<0.678275,-0.649298,-0.344028,0.000000,0.599660,0.218524,0.769841,0.000000,-0.424678,-0.728463,0.537577,0.000000,0.000000,0.000000,0.000000,1.000000>,<30.000000>,<iSmallCuboid>,<0>,<5618>
<-100.505365,-268.289095,529.126906>,<0.835732,-0.387576,0.389021,0.000000,0.035760,-0.668507,-0.742846,0.000000,0.547972,0.634731,-0.544833,0.000000,0.000000,0.000000,0.000000,1.000000>,<30.000000>,<iSmallCuboid>,<0>,<41506>
<-64.198833,-0.573213,-460.365685>,<-0.542303,-0.511635,-0.666436,0.000000,0.678896,0.200462,-0.706340,0.000000,0.494983,-0.835491,0.238636,0.000000,0.000000,0.000000,0.000000,1.000000>,<30.000000>,<iSmallCuboid>,<0>,<2403>
<98.254405,129.086542,201.886270>,<0.090012,-0.982745,-0.161586,0.000000,-0.992978,-0.101060,0.061493,0.000000,-0.076762,0.154917,-0.984941,0.000000,0.000000,0.000000,0.000000,1.000000>,<30.000000>,<iSmallCuboid>,<0>,<28737>
<10.252143,24.297673,86.855665>,<-0.297532,0.349253,0.888536,0.000000,0.865713,-0.293685,0.405327,0.000000,0.402512,0.889815,-0.214973,0.000000,0.000000,0.000000,0.000000,1.000000>,<30.000000>,<iSmallCuboid>,<0>,<23827>
<88.480604,94.598975,288.534042>,<0.995207,-0.093448,-0.028814,0.000000,0.047262,0.717595,-0.694855,0.000000,0.085610,0.690163,0.718572,0.000000,0.000000,0.000000,0.000000,1.000000>,<30.000000>,<iSmallCuboid>,<0>,<32172>
<-101.313173,294.037160,334.841749>,<0.163975,0.268463,-0.949231,0.000000,0.751222,0.589683,0.296545,0.000000,0.639357,-0.761710,-0.104982,0.000000,0.000000,0.000000,0.000000,1.000000>,<30.000000>,<iSmallCuboid>,<0>,<34396>
<-110.533643,-376.253757,-343.397129>,<0.954635,0.215698,0.205294,0.000000,0.294755,-0.586513,-0.754402,0.000000,-0.042316,0.780690,-0.623484,0.000000,0.000000,0.000000,0.000000,1.000000>,<30.000000>,<iSmallCuboid>,<0>,<6900>
<131.961088,301.518911,-403.645643>,<0.334315,0.605450,-0.722263,0.000000,-0.931748,0.097103,-0.349882,0.000000,-0.141702,0.789938,0.596590,0.000000,0.000000,0.000000,0.000000,1.000000>,<30.000000>,<iSmallCuboid>,<0>,<4754>
<56.804045,-213.735767,-397.729532>,<0.549809,0.220174,-0.805750,0.000000,-0.596593,-0.571645,-0.563293,0.000000,-0.584625,0.790408,-0.182942,0.000000,0.000000,0.000000,0.000000,1.000000>,<30.000000>,<iSmallCuboid>,<0>,<4990>
<127.720588,309.662590,-306.922308>,<-0.290070,0.682916,0.670437,0.000000,-0.848941,-0.507007,0.149143,0.000000,0.441768,-0.525899,0.726823,0.000000,0.000000,0.000000,0.000000,1.000000>,<30.000000>,<iSmallCuboid>,<0>,<8894>
<-35.330822,341.106073,332.769638>,<0.022998,0.600860,0.799023,0.000000,-0.591585,-0.636106,0.495375,0.000000,0.805915,-0.484082,0.340831,0.000000,0.000000,0.000000,0.000000,1.000000>,<30.000000>,<iSmallCuboid>,<0>,<34444>
<37.213969,-238.592841,-244.628938>,<-0.026674,-0.026286,-0.999299,0.000000,0.984477,-0.174166,-0.021697,0.000000,-0.173473,-0.984365,0.030524,0.000000,0.000000,0.000000,0.000000,1.000000>,<30.000000>,<iSmallCuboid>,<0>,<10494>
<103.821906,-391.089268,359.463310>,<0.893807,0.044518,-0.446238,0.000000,-0.378862,-0.457447,-0.804491,0.000000,-0.239944,0.888122,-0.392003,0.000000,0.000000,0.000000,0.000000,1.000000>,<30.000000>,<iSmallCuboid>,<0>,<34513>
<53.302874,-309.949136,191.190645>,<0.482953,-0.309338,0.819187,0.000000,-0.806445,0.207380,0.553751,0.000000,-0.341179,-0.928064,-0.149309,0.000000,0.000000,0.000000,0.000000,1.000000>,<30.000000>,<iSmallCuboid>,<0>,<28360>
<128.220125,-175.836021,-149.693856>,<0.410560,0.149590,-0.899479,0.000000,-0.291206,0.956304,0.026122,0.000000,0.864083,0.251209,0.436182,0.000000,0.000000,0.000000,0.000000,1.000000>,<30.000000>,<iSmallCuboid>,<0>,<14684>
<123.869569,-338.998013,-25.978496>,<0.692240,0.241932,-0.679906,0.000000,-0.355571,-0.705498,-0.613060,0.000000,-0.627991,0.666139,-0.402350,0.000000,0.000000,0.000000,0.000000,1.000000>,<30.000000>,<iSmallCuboid>,<0>,<19379>
<-36.385941,154.919070,193.449376>,<-0.352175,-0.272400,-0.895417,0.000000,0.932513,-0.020402,-0.360559,0.000000,0.079948,-0.961968,0.261202,0.000000,0.000000,0.000000,0.000000,1.000000>,<30.000000>,<iSmallCuboid>,<0>,<28759>
<-51.508057,290.136086,126.893750>,<-0.362547,0.377235,-0.852205,0.000000,-0.931834,-0.162064,0.324684,0.000000,-0.015629,0.911827,0.410277,0.000000,0.000000,0.000000,0.000000,1.000000>,<30.000000>,<iSmallCuboid>,<0>,<26119>
<-114.241671,-100.525304,73.463504>,<0.954193,0.239557,-0.179242,0.000000,0.229547,-0.201924,0.952121,0.000000,0.191894,-0.949652,-0.247664,0.000000,0.000000,0.000000,0.000000,1.000000>,<30.000000>,<iSmallCuboid>,<0>,<23700>
<-31.143454,-270.621862,-285.159862>,<0.604875,-0.428628,0.671122,0.000000,-0.751293,-0.586551,0.302517,0.000000,0.263980,-0.687194,-0.676815,0.000000,0.000000,0.000000,0.000000,1.000000>,<30.000000>,<iSmallCuboid>,<0>,<9065>
<-84.522735,303.570893,413.727489>,<0.183030,-0.779073,0.599621,0.000000,-0.954545,-0.286783,-0.081241,0.000000,0.235254,-0.557496,-0.796150,0.000000,0.000000,0.000000,0.000000,1.000000>,<30.000000>,<iSmallCuboid>,<0>,<37862>
<-74.939694,84.715081,537.348926>,<0.475614,-0.392520,0.787222,0.000000,0.542142,-0.573954,-0.613726,0.000000,0.692729,0.718683,-0.060179,0.000000,0.000000,0.000000,0.000000,1.000000>,<30.000000>,<iSmallCuboid>,<0>,<41807>
<-92.480896,-346.727928,458.783977>,<0.491143,0.871009,0.011013,0.000000,-0.677915,0.390140,-0.623075,0.000000,-0.547000,0.298553,0.782085,0.000000,0.000000,0.000000,0.000000,1.000000>,<30.000000>,<iSmallCuboid>,<0>,<38671>
<-46.879620,342.813431,50.542113>,<0.892093,-0.397681,0.214524,0.000000,-0.356714,-0.911248,-0.205868,0.000000,0.277355,0.107130,-0.954776,0.000000,0.000000,0.000000,0.000000,1.000000>,<30.000000>,<iSmallCuboid>,<0>,<23404>
<-63.254773,324.900902,-451.409043>,<0.641194,-0.603469,0.474021,0.000000,0.765941,0.541086,-0.347217,0.000000,-0.046952,0.585706,0.809163,0.000000,0.000000,0.000000,0.000000,1.000000>,<30.000000>,<iSmallCuboid>,<0>,<3378>
<-76.610693,7.058104,384.850410>,<-0.146846,0.641167,0.753221,0.000000,0.310809,0.752816,-0.580228,0.000000,-0.939060,0.148904,-0.309828,0.000000,0.000000,0.000000,0.000000,1.000000>,<30.000000>,<iSmallCuboid>,<0>,<36227>
<-8.985672,323.394807,530.611471>,<-0.063288,0.995678,-0.067969,0.000000,0.543247,-0.022761,-0.839264,0.000000,-0.837184,-0.090039,-0.539459,0.000000,0.000000,0.000000,0.000000,1.000000>,<30.000000>,<iSmallCuboid>,<0>,<42021>
<26.316402,-329.314434,352.937316>,<-0.049549,0.379140,0.924012,0.000000,-0.754090,0.592423,-0.283520,0.000000,-0.654899,-0.710836,0.256551,0.000000,0.000000,0.000000,0.000000,1.000000>,<30.000000>,<iSmallCuboid>,<0>,<34553>
<63.696450,-0.146914,320.903857>,<-0.347685,0.930200,0.117654,0.000000,0.812454,0.236258,0.533010,0.000000,0.468010,0.280908,-0.837889,0.000000,0.000000,0.000000,0.000000,1.000000>,<30.000000>,<iSmallCuboid>,<0>,<33460>
<-97.899143,-23.563831,-421.580519>,<0.524561,-0.693885,0.493314,0.000000,0.808085,0.223379,-0.545070,0.000000,0.268020,0.684562,0.677894,0.000000,0.000000,0.000000,0.000000,1.000000>,<30.000000>,<iSmallCuboid>,<0>,<3766>
<-32.146469,-209.999123,-508.844699>,<0.038304,-0.999235,-0.007946,0.000000,0.708704,0.032771,-0.704744,0.000000,0.704465,0.021363,0.709417,0.000000,0.000000,0.000000,0.000000,1.000000>,<30.000000>,<iSmallCuboid>,<0>,<155>
<129.801798,-388.370965,-51.765725>,<-0.891899,-0.148524,-0.427149,0.000000,-0.415507,-0.103725,0.903657,0.000000,-0.178521,0.983454,0.030799,0.000000,0.000000,0.000000,0.000000,1.000000>,<30.000000>,<iSmallCuboid>,<0>,<18644>
<109.240071,-18.382731,287.689916>,<-0.658573,-0.481204,-0.578554,0.000000,0.183956,0.642552,-0.743833,0.000000,0.729686,-0.596297,-0.334647,0.000000,0.000000,0.000000,0.000000,1.000000>,<30.000000>,<iSmallCuboid>,<0>,<32068>
<-40.653805,147.529691,352.819289>,<-0.697578,-0.605719,0.382740,0.000000,0.716508,-0.590561,0.371286,0.000000,0.001136,0.533238,0.845965,0.000000,0.000000,0.000000,0.000000,1.000000>,<30.000000>,<iSmallCuboid>,<0>,<34969>
<-106.482413,293.840611,-288.299449>,<-0.357813,0.927003,0.112410,0.000000,0.435224,0.272062,-0.858232,0.000000,-0.826166,-0.258163,-0.500801,0.000000,0.000000,0.000000,0.000000,1.000000>,<30.000000>,<iSmallCuboid>,<0>,<9556>
<-115.042552,256.800475,54.022439>,<0.090319,0.660767,0.745137,0.000000,0.785626,-0.507102,0.354457,0.000000,0.612074,0.553385,-0.564917,0.000000,0.000000,0.000000,0.000000,1.000000>,<30.000000>,<iSmallCuboid>,<0>,<23325>
<132.422338,301.049127,140.480676>,<-0.119786,0.984330,0.129409,0.000000,0.278317,-0.091827,0.956090,0.000000,0.952991,0.150543,-0.262956,0.000000,0.000000,0.000000,0.000000,1.000000>,<30.000000>,<iSmallCuboid>,<0>,<26819>
<11.104963,-365.250450,-219.536414>,<-0.525469,-0.758085,-0.386251,0.000000,0.344248,0.225720,-0.911342,0.000000,0.778059,-0.611848,0.142361,0.000000,0.000000,0.000000,0.000000,1.000000>,<30.000000>,<iSmallCuboid>,<0>,<11752>
<119.415890,88.742462,397.573795>,<0.775237,0.465840,-0.426615,0.000000,0.622025,-0.680564,0.387193,0.000000,-0.109969,-0.565531,-0.817362,0.000000,0.000000,0.000000,0.000000,1.000000>,<30.000000>,<iSmallCuboid>,<0>,<36299>
<-54.733632,158.743978,76.551519>,<0.231583,0.702318,-0.673141,0.000000,-0.923552,0.376127,0.074698,0.000000,0.305648,0.604382,0.735732,0.000000,0.000000,0.000000,0.000000,1.000000>,<30.000000>,<iSmallCuboid>,<0>,<23943>
<-68.336315,-371.351442,-512.123043>,<-0.625717,-0.022928,-0.779713,0.000000,-0.080031,0.996180,0.034932,0.000000,0.775934,0.084259,-0.625162,0.000000,0.000000,0.000000,0.000000,1.000000>,<30.000000>,<iSmallCuboid>,<0>,<18>
<-31.515021,241.828945,-28.968521>,<0.060297,0.882815,-0.465835,0.000000,-0.814581,0.313244,0.488197,0.000000,0.576908,0.350023,0.738011,0.000000,0.000000,0.000000,0.000000,1.000000>,<30.000000>,<iSmallCuboid>,<0>,<19865>
<117.550712,-124.101969,-150.755771>,<-0.812204,0.521184,0.262091,0.000000,-0.015217,-0.468042,0.883575,0.000000,0.583175,0.713655,0.388076,0.000000,0.000000,0.000000,0.000000,1.000000>,<30.000000>,<iSmallCuboid>,<0>,<14729>
<-71.818537,-299.724375,-286.644457>,<0.577767,0.762146,-0.292094,0.000000,0.726381,-0.316925,0.609860,0.000000,0.372230,-0.564529,-0.736717,0.000000,0.000000,0.000000,0.000000,1.000000>,<30.000000>,<iSmallCuboid>,<0>,<9047>
<110.387514,108.729706,-509.138364>,<0.170157,0.792926,0.585077,0.000000,-0.382861,0.600286,-0.702192,0.000000,-0.908000,-0.104520,0.405723,0.000000,0.000000,0.000000,0.000000,1.000000>,<30.000000>,<iSmallCuboid>,<0>,<433>
<88.877933,397.656834,-115.245229>,<-0.361796,-0.932093,0.017528,0.000000,-0.350473,0.153412,0.923923,0.000000,-0.863871,0.328128,-0.382177,0.000000,0.000000,0.000000,0.000000,1.000000>,<30.000000>,<iSmallCuboid>,<0>,<16557>
<-108.393321,-121.205201,-90.288228>,<0.985056,0.147896,0.088273,0.000000,0.171566,-0.887721,-0.427219,0.000000,0.015178,0.435980,-0.899829,0.000000,0.000000,0.000000,0.000000,1.000000>,<30.000000>,<iSmallCuboid>,<0>,<16786>
<137.468258,-315.826230,401.325951>,<-0.072485,0.118305,-0.990328,0.000000,0.697471,0.715784,0.034458,0.000000,0.712938,-0.688227,-0.134398,0.000000,0.000000,0.000000,0.000000,1.000000>,<30.000000>,<iSmallCuboid>,<0>,<36644>
<7.353206,72.525979,368.834193>,<0.971395,0.147157,-0.186376,0.000000,0.018734,0.734909,0.677907,0.000000,0.236728,-0.662007,0.711130,0.000000,0.000000,0.000000,0.000000,1.000000>,<30.000000>,<iSmallCuboid>,<0>,<35587>
