<-114.072930,-260.981528,39.525436>,<-0.937125,0.336218,0.093567,0.000000,-0.282357,-0.888003,0.362940,0.000000,0.205114,0.313700,0.927103,0.000000,0.000000,0.000000,0.000000,1.000000>,<25.000000>,<Cylinders2_4>,<1>,<42181>
<65.071899,-239.822359,375.837807>,<0.727084,0.389538,-0.565340,0.000000,-0.683651,0.486372,-0.544118,0.000000,0.063011,0.782114,0.619941,0.000000,0.000000,0.000000,0.000000,1.000000>,<25.000000>,<Cylinders2_4>,<1>,<42350>
<-10.993611,-337.894324,-50.745463>,<-0.148175,0.342388,0.927801,0.000000,-0.946606,0.222512,-0.233292,0.000000,-0.286323,-0.912830,0.291136,0.000000,0.000000,0.000000,0.000000,1.000000>,<25.000000>,<Cylinders2_4>,<1>,<42312>
<69.305633,-88.396023,117.598095>,<0.636428,-0.619852,0.459067,0.000000,0.750328,0.635465,-0.182187,0.000000,-0.178792,0.460400,0.869520,0.000000,0.000000,0.000000,0.000000,1.000000>,<25.000000>,<Cylinders2_4>,<1>,<42197>
<119.233913,-256.142144,-47.181305>,<0.878608,-0.025479,-0.476864,0.000000,-0.290486,-0.821099,-0.491339,0.000000,-0.379034,0.570216,-0.728826,0.000000,0.000000,0.000000,0.000000,1.000000>,<25.000000>,<Cylinders2_4>,<1>,<42610>
<4.353856,-89.513236,-8.085168>,<0.032407,0.929133,0.368322,0.000000,0.931997,0.105017,-0.346918,0.000000,-0.361013,0.354518,-0.862547,0.000000,0.000000,0.000000,0.000000,1.000000>,<25.000000>,<Cylinders2_4>,<1>,<42837>
<5.827296,-285.011930,191.884308>,<0.033800,-0.888020,-0.458562,0.000000,-0.985377,0.047059,-0.163761,0.000000,0.167002,0.457391,-0.873444,0.000000,0.000000,0.000000,0.000000,1.000000>,<25.000000>,<Cylinders2_4>,<1>,<42788>
<-48.484436,-254.270610,329.564941>,<-0.453632,-0.800673,-0.391331,0.000000,-0.865230,0.500898,-0.021874,0.000000,0.213531,0.328669,-0.919990,0.000000,0.000000,0.000000,0.000000,1.000000>,<25.000000>,<Cylinders2_4>,<1>,<42500>
<21.051177,-18.154454,273.378232>,<0.005376,-0.841582,-0.540102,0.000000,0.998887,-0.020786,0.042330,0.000000,-0.046851,-0.539729,0.840534,0.000000,0.000000,0.000000,0.000000,1.000000>,<25.000000>,<Cylinders2_4>,<1>,<42275>
<10.679936,-7.335001,492.725536>,<0.071351,-0.980888,-0.181020,0.000000,0.989128,0.046184,0.139619,0.000000,-0.128590,-0.189014,0.973518,0.000000,0.000000,0.000000,0.000000,1.000000>,<25.000000>,<Cylinders2_4>,<1>,<42803>
<48.014196,-126.949287,-82.017653>,<-0.070050,0.345324,0.935866,0.000000,-0.562693,0.760989,-0.322914,0.000000,-0.823693,-0.549225,0.141004,0.000000,0.000000,0.000000,0.000000,1.000000>,<4.500000>,<LipIn26>,<1>,<42661>
<-53.926010,-331.204329,0.032516>,<0.028385,-0.427717,0.903467,0.000000,-0.223571,-0.883651,-0.411312,0.000000,0.974274,-0.190314,-0.120708,0.000000,0.000000,0.000000,0.000000,1.000000>,<4.500000>,<LipOut26>,<1>,<42258>
<-81.628781,-193.429984,416.509026>,<0.201683,0.710523,0.674152,0.000000,-0.791908,-0.286745,0.539127,0.000000,0.576372,-0.642599,0.504838,0.000000,0.000000,0.000000,0.000000,1.000000>,<20.000000>,<iPyramid_Tall>,<-1>,<37427>
<126.144557,-209.878596,8.761929>,<-0.636334,-0.764759,0.101104,0.000000,0.420541,-0.234034,0.876569,0.000000,-0.646703,0.600309,0.470536,0.000000,0.000000,0.000000,0.000000,1.000000>,<20.000000>,<iPyramid_Tall>,<-1>,<20864>
<-63.664095,-293.459851,45.693895>,<-0.211874,-0.211540,-0.954128,0.000000,0.968729,-0.174451,-0.176439,0.000000,-0.129125,-0.961674,0.241887,0.000000,0.000000,0.000000,0.000000,1.000000>,<20.000000>,<iPyramid_Tall>,<-1>,<22158>
<78.072677,-110.485555,75.247795>,<0.574183,0.815118,0.076790,0.000000,-0.817475,0.565594,0.108803,0.000000,0.045255,-0.125247,0.991093,0.000000,0.000000,0.000000,0.000000,1.000000>,<4.500000>,<LipOut26>,<1>,<42402>
<59.599524,-99.398090,14.633898>,<0.721635,0.445850,-0.529585,0.000000,-0.290336,0.889382,0.353135,0.000000,0.628449,-0.101077,0.771256,0.000000,0.000000,0.000000,0.000000,1.000000>,<4.500000>,<LipOut26>,<1>,<42299>
<67.975879,-22.988154,250.971497>,<0.660212,0.378431,0.648776,0.000000,-0.449707,0.891015,-0.062096,0.000000,-0.601568,-0.250763,0.758442,0.000000,0.000000,0.000000,0.000000,1.000000>,<4.500000>,<LipIn26>,<1>,<42712>
<57.659673,-234.235731,175.542915>,<0.019802,-0.661899,-0.749331,0.000000,0.679711,0.558547,-0.475414,0.000000,0.733213,-0.499914,0.460960,0.000000,0.000000,0.000000,0.000000,1.000000>,<20.000000>,<iPyramid_Tall>,<-1>,<27745>
<-47.165121,-18.270504,225.868874>,<0.681230,-0.272221,-0.679575,0.000000,0.384821,0.922851,0.016087,0.000000,0.622767,-0.272474,0.733430,0.000000,0.000000,0.000000,0.000000,1.000000>,<4.500000>,<LipIn26>,<1>,<42305>
<61.467050,-31.123024,408.112235>,<-0.197976,0.551352,-0.810443,0.000000,0.313705,0.818960,0.480514,0.000000,0.928652,-0.159110,-0.335096,0.000000,0.000000,0.000000,0.000000,1.000000>,<4.500000>,<LipOut26>,<1>,<42676>
<60.085671,-117.204081,-57.829342>,<0.862583,0.395930,-0.314945,0.000000,-0.122387,0.767338,0.629455,0.000000,0.490889,-0.504412,0.710349,0.000000,0.000000,0.000000,0.000000,1.000000>,<4.500000>,<LipIn26>,<1>,<42341>
<11.721950,-341.871759,-36.487273>,<-0.751281,0.025089,0.659506,0.000000,-0.207582,-0.957545,-0.200042,0.000000,0.626488,-0.287189,0.724593,0.000000,0.000000,0.000000,0.000000,1.000000>,<4.500000>,<LipOut26>,<1>,<42595>
<26.749351,-306.809285,-85.534397>,<-0.744980,0.332799,-0.578144,0.000000,0.268147,-0.644175,-0.716335,0.000000,-0.610821,-0.688683,0.390658,0.000000,0.000000,0.000000,0.000000,1.000000>,<4.500000>,<LipOut26>,<1>,<42936>
<75.044530,-111.181010,301.446801>,<0.351356,0.705027,0.616024,0.000000,-0.069568,-0.636496,0.768136,0.000000,0.933654,-0.312745,-0.174590,0.000000,0.000000,0.000000,0.000000,1.000000>,<55.000000>,<iPyramid_Wide>,<-1>,<32681>
<37.155227,-275.517826,192.381452>,<-0.659662,0.419396,-0.623661,0.000000,-0.347008,-0.906036,-0.242247,0.000000,-0.666657,0.056614,0.743211,0.000000,0.000000,0.000000,0.000000,1.000000>,<4.500000>,<LipOut26>,<1>,<42380>
<-99.612346,-69.413561,355.439603>,<0.067415,-0.751456,0.656330,0.000000,0.248599,0.649731,0.718365,0.000000,-0.966258,0.114735,0.230613,0.000000,0.000000,0.000000,0.000000,1.000000>,<4.500000>,<LipIn26>,<1>,<42499>
<51.554280,-43.359006,177.136012>,<0.871469,0.488060,0.048371,0.000000,-0.459112,0.777118,0.430470,0.000000,0.172505,-0.397349,0.901308,0.000000,0.000000,0.000000,0.000000,1.000000>,<4.500000>,<LipIn26>,<1>,<42835>
<65.997174,-244.563546,-112.189888>,<0.740195,0.429939,0.516975,0.000000,-0.364698,-0.389231,0.845869,0.000000,0.564895,-0.814648,-0.131309,0.000000,0.000000,0.000000,0.000000,1.000000>,<4.500000>,<LipIn26>,<1>,<42246>
<45.210551,-112.918472,-54.699540>,<-0.242241,0.165517,0.955993,0.000000,-0.478201,0.836973,-0.266083,0.000000,-0.844182,-0.521613,-0.123599,0.000000,0.000000,0.000000,0.000000,1.000000>,<4.500000>,<LipIn26>,<1>,<42296>
<-63.871957,-253.974099,486.118702>,<0.911908,-0.285920,0.294403,0.000000,-0.299972,-0.953944,0.002703,0.000000,0.280071,-0.090777,-0.955678,0.000000,0.000000,0.000000,0.000000,1.000000>,<4.500000>,<LipIn26>,<1>,<42698>
<-103.818098,-79.859935,351.841233>,<-0.487274,-0.869180,-0.084207,0.000000,-0.822770,0.424657,0.377777,0.000000,-0.292597,0.253364,-0.922059,0.000000,0.000000,0.000000,0.000000,1.000000>,<4.500000>,<LipOut26>,<1>,<42755>
<108.257518,-148.135879,84.242910>,<-0.246005,0.967991,-0.049748,0.000000,0.831775,0.237181,0.501893,0.000000,0.497627,0.082089,-0.863498,0.000000,0.000000,0.000000,0.000000,1.000000>,<4.500000>,<LipOut26>,<1>,<42193>
<27.708152,-262.576351,471.659736>,<0.097835,-0.002778,-0.995199,0.000000,0.122085,-0.992410,0.014772,0.000000,-0.987686,-0.122944,-0.096754,0.000000,0.000000,0.000000,0.000000,1.000000>,<4.500000>,<LipIn26>,<1>,<42916>
<-41.011712,-60.211428,123.422085>,<-0.281696,-0.432441,-0.856529,0.000000,0.266923,0.822124,-0.502857,0.000000,0.921629,-0.370280,-0.116160,0.000000,0.000000,0.000000,0.000000,1.000000>,<4.500000>,<LipIn26>,<1>,<42365>
<-67.872150,-236.461456,411.812538>,<-0.133170,-0.525910,-0.840050,0.000000,0.037477,-0.849666,0.525989,0.000000,-0.990384,0.038563,0.132859,0.000000,0.000000,0.000000,0.000000,1.000000>,<4.500000>,<LipOut26>,<1>,<42781>
<115.988675,-151.116930,22.434570>,<0.067328,0.882766,0.464963,0.000000,-0.270346,0.464728,-0.843173,0.000000,-0.960406,-0.068932,0.269942,0.000000,0.000000,0.000000,0.000000,1.000000>,<4.500000>,<LipOut26>,<1>,<42429>
<-115.884824,-190.684394,142.048850>,<-0.030960,-0.997272,-0.067009,0.000000,0.674771,0.028605,-0.737473,0.000000,0.737378,-0.068048,0.672044,0.000000,0.000000,0.000000,0.000000,1.000000>,<4.500000>,<LipIn26>,<1>,<42263>
<-57.145076,-275.865436,158.466738>,<-0.211083,-0.509645,0.834090,0.000000,0.334776,-0.839402,-0.428169,0.000000,0.918351,0.188854,0.347800,0.000000,0.000000,0.000000,0.000000,1.000000>,<4.500000>,<LipIn26>,<1>,<42598>
<-99.863234,-229.465664,244.852256>,<-0.015310,-0.810351,0.585745,0.000000,0.281203,-0.565659,-0.775213,0.000000,0.959526,0.152845,0.236533,0.000000,0.000000,0.000000,0.000000,1.000000>,<4.500000>,<LipOut26>,<1>,<42213>
<-97.245482,-60.887526,264.169852>,<0.343220,-0.853272,-0.392590,0.000000,0.551071,0.521416,-0.651495,0.000000,0.760605,0.007261,0.649174,0.000000,0.000000,0.000000,0.000000,1.000000>,<4.500000>,<LipOut26>,<1>,<42430>
<-67.768414,-253.908554,492.748376>,<0.822408,-0.464307,0.328730,0.000000,-0.520626,-0.847193,0.105890,0.000000,0.229332,-0.258230,-0.938469,0.000000,0.000000,0.000000,0.000000,1.000000>,<4.500000>,<LipIn26>,<1>,<42698>
<-104.638830,-217.670284,113.395006>,<-0.299500,-0.943778,-0.139935,0.000000,0.326855,-0.239286,0.914280,0.000000,-0.896362,0.228089,0.380145,0.000000,0.000000,0.000000,0.000000,1.000000>,<4.500000>,<LipIn26>,<1>,<42738>
<43.133377,-101.066482,-22.868704>,<-0.537355,0.492688,0.684477,0.000000,0.003811,0.813021,-0.582222,0.000000,-0.843348,-0.310251,-0.438758,0.000000,0.000000,0.000000,0.000000,1.000000>,<4.500000>,<LipIn26>,<1>,<42615>
<23.703261,-124.963530,387.084602>,<-0.103957,0.324336,-0.940212,0.000000,-0.602997,0.731223,0.318915,0.000000,0.790941,0.600099,0.119558,0.000000,0.000000,0.000000,0.000000,1.000000>,<20.000000>,<iPyramid_Tall>,<-1>,<36113>
<25.483137,-262.970413,349.937466>,<-0.616758,0.445947,0.648645,0.000000,-0.229070,-0.890058,0.394111,0.000000,0.753084,0.094486,0.651104,0.000000,0.000000,0.000000,0.000000,1.000000>,<4.500000>,<LipOut26>,<1>,<42420>
<44.653978,-142.884269,-94.397010>,<0.073946,0.306535,-0.948983,0.000000,0.810268,0.536282,0.236363,0.000000,0.581376,-0.786408,-0.208720,0.000000,0.000000,0.000000,0.000000,1.000000>,<4.500000>,<LipIn26>,<1>,<42813>
<66.879078,-202.126680,-110.799174>,<-0.539181,0.631817,0.556858,0.000000,-0.590356,0.188015,-0.784940,0.000000,-0.600636,-0.751969,0.271623,0.000000,0.000000,0.000000,0.000000,1.000000>,<4.500000>,<LipOut26>,<1>,<42645>
<100.776658,-220.142338,494.465548>,<0.332713,0.678372,-0.655068,0.000000,0.145834,-0.723299,-0.674960,0.000000,-0.931684,0.129036,-0.339581,0.000000,0.000000,0.000000,0.000000,1.000000>,<4.500000>,<LipIn26>,<1>,<42729>
<-78.479377,-112.380295,18.519311>,<0.265780,-0.670151,0.693007,0.000000,0.050437,0.727544,0.684205,0.000000,-0.962714,-0.146894,0.227167,0.000000,0.000000,0.000000,0.000000,1.000000>,<4.500000>,<LipIn26>,<1>,<42730>
<-48.617932,-260.705639,473.249399>,<-0.754779,-0.493411,-0.432267,0.000000,0.473508,-0.865850,0.161534,0.000000,-0.453981,-0.082760,0.887159,0.000000,0.000000,0.000000,0.000000,1.000000>,<4.500000>,<LipIn26>,<1>,<42903>
<-102.703898,-270.374736,-62.915018>,<0.631917,-0.750159,-0.194788,0.000000,-0.436181,-0.551968,0.710688,0.000000,-0.640646,-0.364133,-0.676003,0.000000,0.000000,0.000000,0.000000,1.000000>,<4.500000>,<LipIn26>,<1>,<42666>
<59.814983,-265.014158,190.373014>,<-0.082773,0.573377,-0.815099,0.000000,-0.208133,-0.809816,-0.548524,0.000000,-0.974592,0.124246,0.186370,0.000000,0.000000,0.000000,0.000000,1.000000>,<4.500000>,<LipIn26>,<1>,<42517>
<-45.472666,-81.096665,91.463122>,<0.865657,-0.500611,-0.005147,0.000000,0.453408,0.779592,0.432038,0.000000,-0.212270,-0.376331,0.901841,0.000000,0.000000,0.000000,0.000000,1.000000>,<4.500000>,<LipIn26>,<1>,<42553>
<-78.107538,-262.465670,139.696940>,<-0.108901,-0.704129,0.701672,0.000000,0.372182,-0.683409,-0.628039,0.000000,0.921749,0.192756,0.336488,0.000000,0.000000,0.000000,0.000000,1.000000>,<4.500000>,<LipIn26>,<1>,<42513>
<8.216550,-31.306811,214.410717>,<-0.813309,-0.490295,-0.313272,0.000000,-0.075307,-0.445188,0.892265,0.000000,-0.576938,0.749278,0.325153,0.000000,0.000000,0.000000,0.000000,1.000000>,<20.000000>,<iPyramid_Tall>,<-1>,<29287>
<116.499801,-178.923100,101.936028>,<-0.086090,0.973324,0.212669,0.000000,0.435742,0.228748,-0.870519,0.000000,-0.895945,0.017726,-0.443811,0.000000,0.000000,0.000000,0.000000,1.000000>,<4.500000>,<LipOut26>,<1>,<42944>
<80.869362,-263.974524,-92.051321>,<0.711321,0.604599,-0.358444,0.000000,0.611506,-0.280910,0.739696,0.000000,0.346528,-0.745352,-0.569533,0.000000,0.000000,0.000000,0.000000,1.000000>,<4.500000>,<LipIn26>,<1>,<42928>
<-67.470940,-322.394058,-40.501607>,<0.618735,-0.468105,0.630907,0.000000,-0.560291,-0.825875,-0.063281,0.000000,0.550673,-0.314338,-0.773273,0.000000,0.000000,0.000000,0.000000,1.000000>,<4.500000>,<LipIn26>,<1>,<42288>
<103.727298,-174.970774,-57.938516>,<-0.552371,0.828598,-0.091165,0.000000,0.630408,0.343670,-0.696044,0.000000,-0.545410,-0.441946,-0.712188,0.000000,0.000000,0.000000,0.000000,1.000000>,<4.500000>,<LipIn26>,<1>,<42422>
<-28.840532,-301.848754,-79.099353>,<0.777850,0.528775,0.339625,0.000000,0.268681,-0.768348,0.580906,0.000000,0.568119,-0.360607,-0.739732,0.000000,0.000000,0.000000,0.000000,1.000000>,<20.000000>,<iPyramid_Tall>,<-1>,<17330>
<41.222759,-223.876469,492.880533>,<-0.716599,0.697474,-0.004078,0.000000,-0.680734,-0.700650,-0.213755,0.000000,-0.151946,-0.150401,0.976879,0.000000,0.000000,0.000000,0.000000,1.000000>,<20.000000>,<iPyramid_Tall>,<-1>,<40164>
<89.704360,-59.741882,357.307024>,<0.567540,0.652290,-0.502411,0.000000,-0.515438,0.757320,0.400986,0.000000,0.642045,0.031386,0.766024,0.000000,0.000000,0.000000,0.000000,1.000000>,<4.500000>,<LipIn26>,<1>,<42926>
<35.500362,-271.715850,253.389481>,<-0.726186,0.119992,-0.676946,0.000000,-0.156976,-0.987580,-0.006659,0.000000,-0.669337,0.101428,0.736003,0.000000,0.000000,0.000000,0.000000,1.000000>,<4.500000>,<LipIn26>,<1>,<42668>
<-112.831976,-176.617465,-41.686002>,<-0.606922,-0.793988,-0.035066,0.000000,-0.476506,0.398843,-0.783497,0.000000,0.636072,-0.458812,-0.620406,0.000000,0.000000,0.000000,0.000000,1.000000>,<4.500000>,<LipOut26>,<1>,<42356>
<-99.623315,-250.263170,107.649658>,<0.539152,-0.842084,0.014440,0.000000,-0.775671,-0.503164,-0.380999,0.000000,0.328099,0.194216,-0.924463,0.000000,0.000000,0.000000,0.000000,1.000000>,<4.500000>,<LipOut26>,<1>,<42599>
<64.691986,-27.850084,459.388967>,<0.381490,0.579180,0.720427,0.000000,-0.368644,0.810035,-0.456010,0.000000,-0.847683,-0.091618,0.522532,0.000000,0.000000,0.000000,0.000000,1.000000>,<4.500000>,<LipOut26>,<1>,<42705>
<15.920357,-31.291911,167.661184>,<0.829244,0.122301,-0.545341,0.000000,0.137725,0.900954,0.411477,0.000000,0.541651,-0.416322,0.730267,0.000000,0.000000,0.000000,0.000000,1.000000>,<4.500000>,<LipIn26>,<1>,<42255>
<-53.128153,-249.844048,358.068568>,<0.965447,-0.260133,-0.015609,0.000000,-0.260250,-0.965523,-0.005939,0.000000,-0.013526,0.009796,-0.999861,0.000000,0.000000,0.000000,0.000000,1.000000>,<4.500000>,<LipIn26>,<1>,<42409>
<-92.057308,-45.644493,264.315969>,<0.369668,-0.718117,-0.589622,0.000000,0.451085,0.693477,-0.561793,0.000000,0.812322,-0.058292,0.580288,0.000000,0.000000,0.000000,0.000000,1.000000>,<4.500000>,<LipIn26>,<1>,<42939>
<5.904728,-90.794944,458.643735>,<0.380448,0.256106,0.888633,0.000000,0.404062,-0.910355,0.089377,0.000000,0.831861,0.325060,-0.449825,0.000000,0.000000,0.000000,0.000000,1.000000>,<20.000000>,<iPyramid_Tall>,<-1>,<38902>
<91.844405,-281.639895,60.697467>,<0.088722,0.634440,-0.767864,0.000000,-0.399212,-0.683628,-0.610968,0.000000,-0.912556,0.360747,0.192623,0.000000,0.000000,0.000000,0.000000,1.000000>,<4.500000>,<LipOut26>,<1>,<42408>
<104.978268,-224.177312,95.436078>,<-0.491770,0.858707,0.144167,0.000000,-0.522978,-0.423672,0.739592,0.000000,0.696172,0.288314,0.657434,0.000000,0.000000,0.000000,0.000000,1.000000>,<4.500000>,<LipIn26>,<1>,<42672>
<-25.969970,-214.371167,-129.494086>,<0.047071,-0.137076,0.989442,0.000000,-0.986102,0.151622,0.067918,0.000000,-0.159331,-0.978888,-0.128034,0.000000,0.000000,0.000000,0.000000,1.000000>,<4.500000>,<LipIn26>,<1>,<42563>
<-89.627464,-288.513309,72.888551>,<0.634003,-0.698323,-0.332244,0.000000,-0.703606,-0.699170,0.126889,0.000000,-0.320904,0.153321,-0.934619,0.000000,0.000000,0.000000,0.000000,1.000000>,<4.500000>,<LipOut26>,<1>,<42581>
<-94.444422,-53.652542,216.329096>,<-0.423183,-0.777925,-0.464488,0.000000,-0.295392,0.603102,-0.740953,0.000000,0.856540,-0.176353,-0.485015,0.000000,0.000000,0.000000,0.000000,1.000000>,<4.500000>,<LipOut26>,<1>,<42876>
<34.799753,-322.204995,-65.154747>,<-0.890616,0.363535,-0.273214,0.000000,-0.103828,-0.747475,-0.656126,0.000000,-0.442746,-0.555988,0.703458,0.000000,0.000000,0.000000,0.000000,1.000000>,<4.500000>,<LipIn26>,<1>,<42505>
<-4.609566,-118.481253,-84.197730>,<-0.906014,-0.143962,-0.398012,0.000000,0.143693,0.779900,-0.609186,0.000000,0.398109,-0.609123,-0.685915,0.000000,0.000000,0.000000,0.000000,1.000000>,<4.500000>,<LipIn26>,<1>,<42889>
<109.922080,-204.039430,493.342646>,<0.455878,0.888450,0.053219,0.000000,0.884281,-0.458909,0.086307,0.000000,0.101102,0.007715,-0.994846,0.000000,0.000000,0.000000,0.000000,1.000000>,<4.500000>,<LipIn26>,<1>,<42733>
<43.120850,-22.479914,260.620339>,<0.721397,0.456895,-0.520416,0.000000,-0.273911,0.878449,0.391535,0.000000,0.636049,-0.139905,0.758859,0.000000,0.000000,0.000000,0.000000,1.000000>,<4.500000>,<LipOut26>,<1>,<42504>
<-85.656476,-231.929180,344.564177>,<-0.288500,-0.667438,0.686508,0.000000,0.482769,-0.720584,-0.497687,0.000000,0.826863,0.187842,0.530107,0.000000,0.000000,0.000000,0.000000,1.000000>,<4.500000>,<LipIn26>,<1>,<42597>
<65.950599,-328.968389,14.360058>,<0.918329,0.338220,0.205620,0.000000,0.359948,-0.929674,-0.078382,0.000000,0.164649,0.145994,-0.975488,0.000000,0.000000,0.000000,0.000000,1.000000>,<4.500000>,<LipOut26>,<1>,<42327>
<-94.196140,-56.426150,341.525136>,<0.358888,-0.781087,0.510982,0.000000,0.567453,0.617250,0.544977,0.000000,-0.741078,0.094372,0.664754,0.000000,0.000000,0.000000,0.000000,1.000000>,<4.500000>,<LipOut26>,<1>,<42359>
<111.484782,-75.394822,514.944649>,<-0.243159,0.927073,-0.285322,0.000000,0.662265,0.373593,0.649487,0.000000,0.708716,-0.031030,-0.704811,0.000000,0.000000,0.000000,0.000000,1.000000>,<4.500000>,<LipOut26>,<1>,<42576>
<59.988724,-102.396039,-16.956824>,<0.667212,0.388176,0.635726,0.000000,-0.436380,0.895377,-0.088728,0.000000,-0.603657,-0.218218,0.766798,0.000000,0.000000,0.000000,0.000000,1.000000>,<4.500000>,<LipOut26>,<1>,<42479>
<-110.021760,-250.719424,-55.427554>,<0.091654,-0.918511,-0.384625,0.000000,0.587946,-0.261823,0.765355,0.000000,-0.803691,-0.296287,0.516038,0.000000,0.000000,0.000000,0.000000,1.000000>,<4.500000>,<LipOut26>,<1>,<42887>
<-98.707305,-212.763232,408.228522>,<-0.638332,-0.753258,0.158543,0.000000,0.696315,-0.652846,-0.298224,0.000000,0.328144,-0.079970,0.941237,0.000000,0.000000,0.000000,0.000000,1.000000>,<4.500000>,<LipOut26>,<1>,<42800>
<86.982739,-227.690277,470.682949>,<-0.163918,0.796835,-0.581537,0.000000,-0.164888,-0.603349,-0.780245,0.000000,-0.972596,-0.032008,0.230288,0.000000,0.000000,0.000000,0.000000,1.000000>,<4.500000>,<LipOut26>,<1>,<42757>
<16.079574,-272.965083,-114.018319>,<0.284475,0.063437,-0.956582,0.000000,0.828744,-0.517872,0.212115,0.000000,-0.481931,-0.853103,-0.199895,0.000000,0.000000,0.000000,0.000000,1.000000>,<4.500000>,<LipOut26>,<1>,<42856>
<-67.706444,-28.175974,243.329050>,<-0.655622,-0.396560,0.642573,0.000000,-0.365658,0.911292,0.189316,0.000000,-0.660647,-0.110842,-0.742469,0.000000,0.000000,0.000000,0.000000,1.000000>,<4.500000>,<LipOut26>,<1>,<42385>
<86.474669,-124.833612,31.236642>,<-0.532534,0.833152,-0.149214,0.000000,0.834936,0.546015,0.068909,0.000000,0.138885,-0.087888,-0.986401,0.000000,0.000000,0.000000,0.000000,1.000000>,<4.500000>,<LipOut26>,<1>,<42658>
<-68.916196,-240.400840,340.292707>,<-0.364283,-0.567468,0.738429,0.000000,0.330209,-0.820100,-0.467331,0.000000,0.870781,0.073596,0.486132,0.000000,0.000000,0.000000,0.000000,1.000000>,<4.500000>,<LipIn26>,<1>,<42607>
<-113.004505,-154.081799,70.141470>,<-0.442303,-0.891643,0.096646,0.000000,-0.884946,0.451394,0.114520,0.000000,-0.145736,-0.034874,-0.988709,0.000000,0.000000,0.000000,0.000000,1.000000>,<4.500000>,<LipIn26>,<1>,<42295>
<92.260507,-56.110227,225.101880>,<-0.231753,0.738146,-0.633586,0.000000,0.785970,0.525859,0.325150,0.000000,0.573186,-0.422625,-0.702030,0.000000,0.000000,0.000000,0.000000,1.000000>,<4.500000>,<LipIn26>,<1>,<42653>
<-54.919512,-48.762301,163.465092>,<0.348382,-0.394146,-0.850458,0.000000,0.533730,0.829265,-0.165687,0.000000,0.770560,-0.396192,0.499269,0.000000,0.000000,0.000000,0.000000,1.000000>,<4.500000>,<LipOut26>,<1>,<42922>
<79.526196,-140.239882,-68.667234>,<0.183783,0.671227,-0.718107,0.000000,0.525484,0.550307,0.648867,0.000000,0.830717,-0.496604,-0.251582,0.000000,0.000000,0.000000,0.000000,1.000000>,<4.500000>,<LipOut26>,<1>,<42565>
<-110.587158,-208.661390,495.979562>,<0.368644,-0.916030,-0.158086,0.000000,-0.925277,-0.345269,-0.157009,0.000000,0.089243,0.204153,-0.974863,0.000000,0.000000,0.000000,0.000000,1.000000>,<4.500000>,<LipIn26>,<1>,<42472>
<-109.340527,-209.499807,496.735312>,<0.025220,-0.921473,0.387622,0.000000,-0.032092,-0.388292,-0.920978,0.000000,0.999167,0.010787,-0.039364,0.000000,0.000000,0.000000,0.000000,1.000000>,<4.500000>,<LipIn26>,<1>,<42472>
<59.730270,-96.216826,68.184303>,<-0.275969,0.334877,-0.900943,0.000000,0.199940,0.936840,0.286975,0.000000,0.940141,-0.100938,-0.325494,0.000000,0.000000,0.000000,0.000000,1.000000>,<4.500000>,<LipOut26>,<1>,<42947>
<107.763205,-258.852415,69.111373>,<0.328417,0.849752,-0.412388,0.000000,0.000328,-0.436708,-0.899603,0.000000,-0.944533,0.295310,-0.143701,0.000000,0.000000,0.000000,0.000000,1.000000>,<4.500000>,<LipOut26>,<1>,<42572>
<-112.944480,-200.321966,-64.906535>,<0.530235,-0.795542,-0.293196,0.000000,0.480811,-0.002686,0.876820,0.000000,-0.698334,-0.605893,0.381081,0.000000,0.000000,0.000000,0.000000,1.000000>,<4.500000>,<LipIn26>,<1>,<42715>
<-88.747238,-118.915147,83.531408>,<0.472583,-0.800742,0.368072,0.000000,0.343382,0.551953,0.759893,0.000000,-0.811637,-0.232723,0.535804,0.000000,0.000000,0.000000,0.000000,1.000000>,<4.500000>,<LipIn26>,<1>,<42334>
<110.975479,-204.020312,132.553949>,<-0.434413,0.882955,-0.177979,0.000000,-0.842646,-0.468194,-0.265975,0.000000,-0.318173,0.034431,0.947407,0.000000,0.000000,0.000000,0.000000,1.000000>,<4.500000>,<LipOut26>,<1>,<42307>
<-14.712583,-265.285270,336.548002>,<-0.162578,-0.248334,0.954934,0.000000,0.197500,-0.956414,-0.215095,0.000000,0.966728,0.153630,0.204537,0.000000,0.000000,0.000000,0.000000,1.000000>,<4.500000>,<LipIn26>,<1>,<42361>
<-73.409598,-296.822618,-63.559424>,<-0.118283,-0.679535,0.724045,0.000000,-0.500777,-0.588824,-0.634436,0.000000,0.857456,-0.437628,-0.270648,0.000000,0.000000,0.000000,0.000000,1.000000>,<4.500000>,<LipOut26>,<1>,<42248>
<-50.441962,-27.617539,402.828907>,<0.877651,-0.399508,-0.264805,0.000000,0.405521,0.913450,-0.034079,0.000000,0.255501,-0.077475,0.963700,0.000000,0.000000,0.000000,0.000000,1.000000>,<4.500000>,<LipOut26>,<1>,<42613>
<-94.161780,-122.983893,-17.074896>,<0.359465,-0.599604,0.715024,0.000000,0.146660,0.793019,0.591279,0.000000,-0.921561,-0.107679,0.373001,0.000000,0.000000,0.000000,0.000000,1.000000>,<4.500000>,<LipOut26>,<1>,<42558>
<104.635821,-224.421110,117.521833>,<0.152311,0.923748,0.351413,0.000000,0.925577,-0.257999,0.277027,0.000000,0.346568,0.283065,-0.894296,0.000000,0.000000,0.000000,0.000000,1.000000>,<4.500000>,<LipOut26>,<1>,<42882>
<90.117578,-288.065120,71.107546>,<-0.733532,0.600863,0.317638,0.000000,-0.195704,-0.634289,0.747915,0.000000,0.650869,0.486456,0.582863,0.000000,0.000000,0.000000,0.000000,1.000000>,<4.500000>,<LipIn26>,<1>,<42408>
<16.870936,-331.374647,-70.701891>,<-0.994001,-0.083706,-0.070393,0.000000,0.109317,-0.780491,-0.615535,0.000000,-0.003417,-0.619538,0.784959,0.000000,0.000000,0.000000,0.000000,1.000000>,<4.500000>,<LipIn26>,<1>,<42635>
<-89.931828,-230.493903,470.758955>,<0.680469,-0.703898,-0.203687,0.000000,-0.586576,-0.689839,0.424324,0.000000,-0.439193,-0.169262,-0.882304,0.000000,0.000000,0.000000,0.000000,1.000000>,<4.500000>,<LipIn26>,<1>,<42891>
<102.111787,-81.164629,401.150789>,<-0.058713,0.822891,-0.565158,0.000000,0.191201,0.564923,0.802685,0.000000,0.979793,-0.060930,-0.190506,0.000000,0.000000,0.000000,0.000000,1.000000>,<4.500000>,<LipOut26>,<1>,<42234>
<91.812823,-58.753780,203.944874>,<0.170853,0.818872,0.547958,0.000000,-0.656381,0.509356,-0.556526,0.000000,-0.734829,-0.264585,0.624517,0.000000,0.000000,0.000000,0.000000,1.000000>,<4.500000>,<LipOut26>,<1>,<42240>
<-64.652168,-272.135550,179.917721>,<-0.822168,-0.440419,-0.360653,0.000000,0.364221,-0.893902,0.261307,0.000000,-0.437474,0.083481,0.895348,0.000000,0.000000,0.000000,0.000000,1.000000>,<4.500000>,<LipIn26>,<1>,<42433>
<-71.958122,-257.895460,211.574076>,<-0.810901,-0.521337,0.265795,0.000000,0.519756,-0.850351,-0.082200,0.000000,0.268873,0.071493,0.960519,0.000000,0.000000,0.000000,0.000000,1.000000>,<4.500000>,<LipOut26>,<1>,<42702>
<16.288380,-34.929563,164.861149>,<0.927585,0.108887,0.357393,0.000000,-0.252698,0.887439,0.385481,0.000000,-0.275190,-0.447879,0.850691,0.000000,0.000000,0.000000,0.000000,1.000000>,<4.500000>,<LipOut26>,<1>,<42255>
<91.259217,-195.195996,-95.668745>,<-0.291787,0.581649,0.759305,0.000000,-0.915047,0.061376,-0.398651,0.000000,-0.278478,-0.811121,0.514327,0.000000,0.000000,0.000000,0.000000,1.000000>,<4.500000>,<LipIn26>,<1>,<42442>
<87.599089,-136.193024,-41.466199>,<-0.371484,0.837921,0.399859,0.000000,-0.131568,0.378823,-0.916069,0.000000,-0.919070,-0.392914,-0.030483,0.000000,0.000000,0.000000,0.000000,1.000000>,<4.500000>,<LipOut26>,<1>,<42571>
<24.887836,-13.390722,453.859003>,<-0.594831,0.137532,-0.791998,0.000000,0.196039,0.980326,0.023000,0.000000,0.779580,-0.141582,-0.610090,0.000000,0.000000,0.000000,0.000000,1.000000>,<4.500000>,<LipOut26>,<1>,<42775>
<102.018595,-68.162172,359.723676>,<0.218489,0.887606,0.405484,0.000000,-0.404029,0.460517,-0.790370,0.000000,-0.888269,0.008860,0.459237,0.000000,0.000000,0.000000,0.000000,1.000000>,<4.500000>,<LipIn26>,<1>,<42529>
<-59.106095,-286.615626,-93.612325>,<0.793854,-0.575885,-0.195323,0.000000,-0.242196,-0.594045,0.767106,0.000000,-0.557796,-0.561664,-0.611062,0.000000,0.000000,0.000000,0.000000,1.000000>,<4.500000>,<LipIn26>,<1>,<42491>
<-82.620489,-254.449978,189.538767>,<0.511214,-0.677390,0.528964,0.000000,-0.484002,-0.735497,-0.474115,0.000000,0.710213,-0.013645,-0.703855,0.000000,0.000000,0.000000,0.000000,1.000000>,<4.500000>,<LipIn26>,<1>,<42551>
<102.164927,-212.229924,409.890852>,<-0.236420,0.723588,0.648480,0.000000,-0.161702,-0.687393,0.708056,0.000000,0.958101,0.062538,0.279519,0.000000,0.000000,0.000000,0.000000,1.000000>,<4.500000>,<LipOut26>,<1>,<42419>
<-104.747110,-141.236500,91.120003>,<0.303386,-0.909131,0.285371,0.000000,0.615667,0.415606,0.669497,0.000000,-0.727263,-0.027422,0.685811,0.000000,0.000000,0.000000,0.000000,1.000000>,<4.500000>,<LipIn26>,<1>,<42888>
<-106.244924,-141.409530,95.128471>,<-0.318240,-0.930859,0.179513,0.000000,-0.888150,0.358972,0.286931,0.000000,-0.331532,-0.068122,-0.940981,0.000000,0.000000,0.000000,0.000000,1.000000>,<4.500000>,<LipOut26>,<1>,<42888>
<-62.094390,-247.047208,403.329244>,<-0.691365,-0.588519,0.419119,0.000000,0.510697,-0.808399,-0.292709,0.000000,0.511081,0.011674,0.859454,0.000000,0.000000,0.000000,0.000000,1.000000>,<4.500000>,<LipOut26>,<1>,<42331>
<80.320403,-109.133282,29.610644>,<-0.504378,0.565776,-0.652303,0.000000,0.513779,0.803796,0.299906,0.000000,0.693999,-0.183873,-0.696101,0.000000,0.000000,0.000000,0.000000,1.000000>,<4.500000>,<LipOut26>,<1>,<42512>
<105.573739,-209.799006,118.010743>,<0.084424,0.995124,0.050993,0.000000,0.000911,0.051099,-0.998693,0.000000,-0.996430,0.084360,0.003407,0.000000,0.000000,0.000000,0.000000,1.000000>,<4.500000>,<LipOut26>,<1>,<42751>
<24.357713,-18.162126,358.734526>,<-0.655823,0.360651,-0.663194,0.000000,0.217789,0.931539,0.291211,0.000000,0.722817,0.046547,-0.689471,0.000000,0.000000,0.000000,0.000000,1.000000>,<4.500000>,<LipOut26>,<1>,<42407>
<-57.923716,-145.851232,-97.329015>,<0.812202,-0.530360,-0.242994,0.000000,0.507743,0.437548,0.742124,0.000000,-0.287271,-0.726134,0.624664,0.000000,0.000000,0.000000,0.000000,1.000000>,<4.500000>,<LipOut26>,<1>,<42320>
<-80.281693,-251.428742,163.838481>,<0.518595,-0.769293,0.373159,0.000000,-0.563367,-0.635740,-0.527686,0.000000,0.643177,0.063430,-0.763086,0.000000,0.000000,0.000000,0.000000,1.000000>,<4.500000>,<LipOut26>,<1>,<42722>
<-90.826313,-218.895261,383.552140>,<-0.251205,-0.661042,-0.707050,0.000000,0.359663,-0.741920,0.565860,0.000000,-0.898632,-0.112153,0.424126,0.000000,0.000000,0.000000,0.000000,1.000000>,<4.500000>,<LipIn26>,<1>,<42325>
<110.887525,-147.255129,85.067965>,<-0.259404,0.943536,0.206034,0.000000,0.872325,0.320460,-0.369262,0.000000,-0.414438,0.083941,-0.906198,0.000000,0.000000,0.000000,0.000000,1.000000>,<4.500000>,<LipOut26>,<1>,<42193>
<86.303827,-314.606310,23.283304>,<0.623340,0.565763,-0.539777,0.000000,0.262793,-0.801715,-0.536836,0.000000,-0.736469,0.192782,-0.648420,0.000000,0.000000,0.000000,0.000000,1.000000>,<4.500000>,<LipIn26>,<1>,<42740>
<-108.225249,-169.063109,-54.088077>,<0.459308,-0.880187,0.119610,0.000000,0.530232,0.379707,0.758074,0.000000,-0.712664,-0.284768,0.641106,0.000000,0.000000,0.000000,0.000000,1.000000>,<4.500000>,<LipOut26>,<1>,<42366>
<-10.131685,-124.856972,166.658403>,<0.193825,0.846733,-0.495455,0.000000,0.862175,-0.387980,-0.325770,0.000000,-0.468067,-0.364027,-0.805232,0.000000,0.000000,0.000000,0.000000,1.000000>,<55.000000>,<iPyramid_Wide>,<-1>,<27141>
<-35.629283,-70.330596,101.408190>,<-0.964385,-0.260067,-0.048231,0.000000,-0.196208,0.825676,-0.528925,0.000000,0.177379,-0.500625,-0.847297,0.000000,0.000000,0.000000,0.000000,1.000000>,<4.500000>,<LipIn26>,<1>,<42446>
<32.457366,-254.900093,384.904463>,<-0.466114,0.331685,-0.820197,0.000000,-0.230173,-0.940603,-0.249571,0.000000,-0.854259,0.072459,0.514773,0.000000,0.000000,0.000000,0.000000,1.000000>,<4.500000>,<LipIn26>,<1>,<42294>
<44.564581,-284.934468,-102.829436>,<-0.926302,0.305881,-0.220004,0.000000,0.021556,-0.539925,-0.841437,0.000000,-0.376165,-0.784167,0.493540,0.000000,0.000000,0.000000,0.000000,1.000000>,<4.500000>,<LipIn26>,<1>,<42192>
<-107.880993,-194.710315,409.052697>,<0.559426,-0.827492,0.047960,0.000000,-0.828843,-0.559013,0.022876,0.000000,0.007880,-0.052549,-0.998587,0.000000,0.000000,0.000000,0.000000,1.000000>,<4.500000>,<LipOut26>,<1>,<42460>
<0.492569,-65.140773,100.068175>,<0.987059,-0.139008,0.079946,0.000000,0.107443,0.943393,0.313794,0.000000,-0.119040,-0.301143,0.946119,0.000000,0.000000,0.000000,0.000000,1.000000>,<4.500000>,<LipIn26>,<1>,<42559>
<-87.553447,-218.541742,359.978476>,<0.454340,-0.795205,0.401527,0.000000,-0.508267,-0.601570,-0.616261,0.000000,0.731601,0.075909,-0.677494,0.000000,0.000000,0.000000,0.000000,1.000000>,<4.500000>,<LipOut26>,<1>,<42527>
<-46.068718,-90.771922,10.195544>,<-0.911284,-0.336220,0.237732,0.000000,-0.362854,0.928610,-0.077590,0.000000,-0.194673,-0.156969,-0.968227,0.000000,0.000000,0.000000,0.000000,1.000000>,<4.500000>,<LipIn26>,<1>,<42464>
<-106.566985,-83.512126,383.214494>,<0.382331,-0.866285,-0.321517,0.000000,0.704684,0.498425,-0.504969,0.000000,0.597699,-0.033503,0.801020,0.000000,0.000000,0.000000,0.000000,1.000000>,<4.500000>,<LipOut26>,<1>,<42231>
<-63.234444,-316.801696,-52.312787>,<0.359514,-0.508483,-0.782429,0.000000,0.291410,-0.735376,0.611802,0.000000,-0.886471,-0.447959,-0.116201,0.000000,0.000000,0.000000,0.000000,1.000000>,<4.500000>,<LipOut26>,<1>,<42383>
<-81.879202,-266.661209,-92.077765>,<-0.686152,-0.573556,-0.447471,0.000000,0.727079,-0.520843,-0.447301,0.000000,0.023490,-0.632263,0.774398,0.000000,0.000000,0.000000,0.000000,1.000000>,<4.500000>,<LipOut26>,<1>,<42790>
<-112.269877,-79.034951,345.345279>,<0.318352,-0.921941,-0.220629,0.000000,0.501395,0.361275,-0.786183,0.000000,0.804522,0.139661,0.577269,0.000000,0.000000,0.000000,0.000000,1.000000>,<4.500000>,<LipOut26>,<1>,<42755>
<-35.155017,-11.274113,505.587561>,<-0.479701,-0.189061,0.856821,0.000000,-0.015163,0.978150,0.207344,0.000000,-0.877301,0.086472,-0.472087,0.000000,0.000000,0.000000,0.000000,1.000000>,<4.500000>,<LipOut26>,<1>,<42629>
<-106.152656,-204.992630,129.099682>,<0.018413,-0.975088,-0.221052,0.000000,0.223762,-0.211463,0.951427,0.000000,-0.974470,-0.066982,0.214294,0.000000,0.000000,0.000000,0.000000,1.000000>,<4.500000>,<LipOut26>,<1>,<42842>
<-39.983086,-95.501663,-28.111257>,<-0.431988,-0.161300,-0.887338,0.000000,0.357679,0.872553,-0.332743,0.000000,0.827920,-0.461123,-0.319239,0.000000,0.000000,0.000000,0.000000,1.000000>,<4.500000>,<LipOut26>,<1>,<42328>
<109.332129,-67.904591,302.097757>,<0.469336,0.874557,-0.121957,0.000000,-0.877487,0.477363,0.046281,0.000000,0.098693,0.085294,0.991456,0.000000,0.000000,0.000000,0.000000,1.000000>,<4.500000>,<LipOut26>,<1>,<42236>
<91.676317,-231.271679,-90.500087>,<0.629530,0.766119,-0.129435,0.000000,0.149083,0.044389,0.987828,0.000000,0.762540,-0.641164,-0.086271,0.000000,0.000000,0.000000,0.000000,1.000000>,<4.500000>,<LipIn26>,<1>,<42196>
<-112.029140,-241.117760,-57.067338>,<0.277223,-0.878389,0.389333,0.000000,-0.958751,-0.226413,0.171855,0.000000,-0.062805,-0.420915,-0.904923,0.000000,0.000000,0.000000,0.000000,1.000000>,<4.500000>,<LipOut26>,<1>,<42436>
<-66.390734,-261.038790,-100.958225>,<0.719324,-0.523763,-0.456338,0.000000,0.312759,-0.342387,0.885976,0.000000,-0.620286,-0.780028,-0.082476,0.000000,0.000000,0.000000,0.000000,1.000000>,<4.500000>,<LipOut26>,<1>,<42812>
<-82.686156,-90.605094,118.547916>,<-0.558111,-0.800578,0.218145,0.000000,-0.825961,0.561159,-0.053754,0.000000,-0.079380,-0.210179,-0.974435,0.000000,0.000000,0.000000,0.000000,1.000000>,<4.500000>,<LipIn26>,<1>,<42560>
<-89.297886,-247.176856,135.871903>,<-0.535652,-0.844161,-0.021667,0.000000,0.819250,-0.525723,0.229009,0.000000,-0.204712,0.104918,0.973183,0.000000,0.000000,0.000000,0.000000,1.000000>,<4.500000>,<LipOut26>,<1>,<42894>
<-54.058391,-234.223784,-117.657152>,<-0.695828,-0.479236,0.534935,0.000000,-0.579674,-0.064996,-0.812252,0.000000,0.424029,-0.875276,-0.232575,0.000000,0.000000,0.000000,0.000000,1.000000>,<4.500000>,<LipIn26>,<1>,<42896>
<-44.699665,-87.635342,234.030441>,<-0.892730,-0.112677,-0.436277,0.000000,-0.325988,0.829934,0.452705,0.000000,0.311072,0.546365,-0.777638,0.000000,0.000000,0.000000,0.000000,1.000000>,<55.000000>,<iPyramid_Wide>,<-1>,<29929>
<84.140823,-37.802390,482.440672>,<0.661090,0.707141,-0.250822,0.000000,-0.585732,0.695314,0.416482,0.000000,0.468912,-0.128417,0.873860,0.000000,0.000000,0.000000,0.000000,1.000000>,<4.500000>,<LipOut26>,<1>,<42774>
<-36.123761,-88.734660,-7.625954>,<-0.937680,-0.344871,0.042669,0.000000,-0.347471,0.932118,-0.102077,0.000000,-0.004569,-0.110542,-0.993861,0.000000,0.000000,0.000000,0.000000,1.000000>,<4.500000>,<LipOut26>,<1>,<42683>
<-92.150167,-302.287814,38.173059>,<0.288314,-0.656061,-0.697466,0.000000,-0.733973,-0.619208,0.279043,0.000000,-0.614946,0.431469,-0.660058,0.000000,0.000000,0.000000,0.000000,1.000000>,<4.500000>,<LipOut26>,<1>,<42401>
<-102.642046,-222.531523,307.143940>,<-0.601021,-0.798009,-0.044221,0.000000,0.767065,-0.591486,0.248507,0.000000,-0.224467,0.115438,0.967620,0.000000,0.000000,0.000000,0.000000,1.000000>,<4.500000>,<LipOut26>,<1>,<42682>
<-6.064632,-14.764027,300.573233>,<0.998356,-0.041210,-0.039834,0.000000,0.037685,0.995623,-0.085527,0.000000,0.043184,0.083886,0.995539,0.000000,0.000000,0.000000,0.000000,1.000000>,<4.500000>,<LipOut26>,<1>,<42638>
<47.433744,-337.313402,-23.327269>,<0.605780,0.472544,-0.640104,0.000000,0.348032,-0.880850,-0.320901,0.000000,-0.715475,-0.028381,-0.698062,0.000000,0.000000,0.000000,0.000000,1.000000>,<4.500000>,<LipIn26>,<1>,<42749>
<-98.096060,-218.532783,493.332168>,<0.279201,-0.751549,-0.597680,0.000000,-0.068106,-0.636364,0.768377,0.000000,-0.957814,-0.173826,-0.228858,0.000000,0.000000,0.000000,0.000000,1.000000>,<4.500000>,<LipIn26>,<1>,<42686>
<-82.369435,-271.469960,115.772843>,<-0.113334,-0.796451,-0.593987,0.000000,-0.167887,-0.573891,0.801538,0.000000,-0.979270,0.190564,-0.068672,0.000000,0.000000,0.000000,0.000000,1.000000>,<4.500000>,<LipIn26>,<1>,<42503>
<-82.083272,-246.185890,292.279924>,<-0.778074,-0.538211,0.323929,0.000000,0.550442,-0.832623,-0.061253,0.000000,0.302678,0.130645,0.944097,0.000000,0.000000,0.000000,0.000000,1.000000>,<4.500000>,<LipOut26>,<1>,<42428>
<-14.681566,-186.581844,-129.844919>,<0.569496,-0.002734,-0.821989,0.000000,0.796017,0.251246,0.550666,0.000000,0.205016,-0.967919,0.145260,0.000000,0.000000,0.000000,0.000000,1.000000>,<4.500000>,<LipIn26>,<1>,<42875>
<78.589603,-139.366840,-64.187301>,<0.422464,0.654047,0.627492,0.000000,-0.766993,0.626859,-0.137003,0.000000,-0.482956,-0.423403,0.766475,0.000000,0.000000,0.000000,0.000000,1.000000>,<4.500000>,<LipOut26>,<1>,<42565>
<73.774459,-311.819804,-50.725648>,<-0.884358,0.454473,-0.106606,0.000000,-0.382218,-0.836074,-0.393560,0.000000,-0.267993,-0.307301,0.913097,0.000000,0.000000,0.000000,0.000000,1.000000>,<4.500000>,<LipOut26>,<1>,<42207>
<-65.128126,-282.022827,-95.488958>,<0.570076,-0.656832,-0.493544,0.000000,0.357931,-0.342161,0.868799,0.000000,-0.739526,-0.671936,0.040043,0.000000,0.000000,0.000000,0.000000,1.000000>,<4.500000>,<LipIn26>,<1>,<42454>
<10.087310,-20.474339,381.039264>,<-0.482058,0.278742,0.830616,0.000000,0.250331,0.952340,-0.174308,0.000000,-0.839616,0.123902,-0.528861,0.000000,0.000000,0.000000,0.000000,1.000000>,<4.500000>,<LipIn26>,<1>,<42319>
<94.749238,-264.052580,84.268967>,<0.067790,0.837353,-0.542443,0.000000,-0.490745,-0.445390,-0.748864,0.000000,-0.868662,0.316967,0.380734,0.000000,0.000000,0.000000,0.000000,1.000000>,<4.500000>,<LipOut26>,<1>,<42461>
<-75.456592,-32.459934,514.577722>,<-0.823366,-0.369784,0.430497,0.000000,-0.245304,0.915945,0.317602,0.000000,-0.511756,0.155900,-0.844867,0.000000,0.000000,0.000000,0.000000,1.000000>,<4.500000>,<LipIn26>,<1>,<42644>
<61.361273,-30.238669,409.702985>,<0.795093,0.478611,0.372503,0.000000,-0.461193,0.876003,-0.141136,0.000000,-0.393863,-0.059579,0.917236,0.000000,0.000000,0.000000,0.000000,1.000000>,<4.500000>,<LipIn26>,<1>,<42676>
<-15.476472,-162.402125,-114.375518>,<0.767816,0.035290,-0.639698,0.000000,0.535009,0.513981,0.670514,0.000000,0.352455,-0.857075,0.375762,0.000000,0.000000,0.000000,0.000000,1.000000>,<4.500000>,<LipIn26>,<1>,<42821>
<76.041972,-32.750182,266.423125>,<0.652471,0.581240,-0.486251,0.000000,-0.466181,0.813732,0.347154,0.000000,0.597458,0.000173,0.801900,0.000000,0.000000,0.000000,0.000000,1.000000>,<4.500000>,<LipOut26>,<1>,<42767>
<-27.879757,-229.346002,-26.833507>,<0.118493,-0.522471,0.844383,0.000000,-0.987985,0.022942,0.152841,0.000000,-0.099227,-0.852348,-0.513475,0.000000,0.000000,0.000000,0.000000,1.000000>,<55.000000>,<iPyramid_Wide>,<-1>,<19460>
<-25.264000,-333.613915,41.776739>,<-0.882152,-0.092279,0.461836,0.000000,0.275647,-0.896277,0.347429,0.000000,0.381873,0.433789,0.816089,0.000000,0.000000,0.000000,0.000000,1.000000>,<4.500000>,<LipOut26>,<1>,<42376>
<-115.545221,-264.980864,-34.071369>,<-0.115168,-0.815734,-0.566846,0.000000,0.829486,-0.392934,0.396933,0.000000,-0.546525,-0.424477,0.721893,0.000000,0.000000,0.000000,0.000000,1.000000>,<4.500000>,<LipOut26>,<1>,<42925>
<-97.168509,-184.416239,-81.312777>,<-0.194971,-0.745054,-0.637872,0.000000,0.764663,0.291814,-0.574574,0.000000,0.614229,-0.599782,0.512819,0.000000,0.000000,0.000000,0.000000,1.000000>,<4.500000>,<LipOut26>,<1>,<42291>
