<-23.709207,-93.403397,-131.031165>,<-0.123408,0.091664,-0.988113,0.000000,-0.907537,0.392370,0.149743,0.000000,0.401432,0.915229,0.034767,0.000000,0.000000,0.000000,0.000000,1.000000>,<25.000000>,<Cylinders1_4>,<2>,<42963>
<-78.007620,60.662611,-405.395721>,<-0.264221,-0.028404,0.964044,0.000000,-0.258248,0.965150,-0.042343,0.000000,-0.929245,-0.260151,-0.262348,0.000000,0.000000,0.000000,0.000000,1.000000>,<25.000000>,<Cylinders1_4>,<2>,<43064>
<-70.718211,239.705195,-320.593581>,<-0.406227,0.808322,0.426140,0.000000,0.851494,0.504076,-0.144450,0.000000,-0.331569,0.304177,-0.893050,0.000000,0.000000,0.000000,0.000000,1.000000>,<25.000000>,<Cylinders1_4>,<2>,<43303>
<-87.896316,38.277338,-39.587642>,<-0.362043,0.168308,0.916841,0.000000,-0.288834,-0.955413,0.061334,0.000000,0.886284,-0.242609,0.394513,0.000000,0.000000,0.000000,0.000000,1.000000>,<25.000000>,<Cylinders1_4>,<2>,<42950>
<17.776401,87.754195,-21.258845>,<0.251314,0.776985,0.577179,0.000000,-0.062252,-0.582108,0.810725,0.000000,0.965902,-0.239677,-0.097923,0.000000,0.000000,0.000000,0.000000,1.000000>,<25.000000>,<Cylinders1_4>,<2>,<42991>
<66.692039,-104.347857,-212.545144>,<0.501161,-0.863179,-0.061321,0.000000,-0.839621,-0.502188,0.206990,0.000000,-0.209463,-0.052249,-0.976420,0.000000,0.000000,0.000000,0.000000,1.000000>,<25.000000>,<Cylinders1_4>,<2>,<43226>
<-95.281953,255.406353,-174.425495>,<-0.518142,-0.781169,0.348286,0.000000,0.802726,-0.584711,-0.117236,0.000000,0.295228,0.218833,0.930028,0.000000,0.000000,0.000000,0.000000,1.000000>,<25.000000>,<Cylinders1_4>,<2>,<43293>
<7.541855,161.786028,-406.842591>,<-0.452199,0.027121,0.891505,0.000000,-0.818237,0.385189,-0.426753,0.000000,-0.354972,-0.922439,-0.151990,0.000000,0.000000,0.000000,0.000000,1.000000>,<4.500000>,<LipIn262>,<2>,<43022>
<54.575273,197.635980,-64.725441>,<-0.856405,0.291023,-0.426468,0.000000,-0.220621,0.540520,0.811889,0.000000,0.466793,0.789395,-0.398698,0.000000,0.000000,0.000000,0.000000,1.000000>,<4.500000>,<LipIn262>,<2>,<42966>
<-89.462314,-60.886562,-322.817340>,<-0.514322,-0.504371,0.693601,0.000000,-0.130673,-0.753239,-0.644636,0.000000,0.847583,-0.422185,0.321500,0.000000,0.000000,0.000000,0.000000,1.000000>,<4.500000>,<LipIn262>,<2>,<43131>
<21.041958,-108.735260,-137.190834>,<0.984139,0.106132,-0.142151,0.000000,0.029787,-0.888784,-0.457357,0.000000,-0.174881,0.445869,-0.877848,0.000000,0.000000,0.000000,0.000000,1.000000>,<4.500000>,<LipIn262>,<2>,<43255>
<-60.743905,244.453885,-145.184870>,<0.732284,-0.672548,-0.106956,0.000000,-0.680722,-0.718420,-0.143140,0.000000,0.019429,0.177627,-0.983906,0.000000,0.000000,0.000000,0.000000,1.000000>,<20.000000>,<iTallElipsoid>,<-2>,<15033>
<33.134641,22.601583,-407.998459>,<0.240990,0.272842,-0.931386,0.000000,0.914262,-0.385830,0.123534,0.000000,-0.325651,-0.881302,-0.342431,0.000000,0.000000,0.000000,0.000000,1.000000>,<4.500000>,<LipIn262>,<2>,<43211>
<83.533957,230.189858,-315.913149>,<0.863154,0.409708,-0.295133,0.000000,-0.076931,0.684373,0.725062,0.000000,0.499045,-0.603136,0.622239,0.000000,0.000000,0.000000,0.000000,1.000000>,<4.500000>,<LipOut262>,<2>,<43025>
<-21.949811,156.991157,-403.559412>,<-0.973420,-0.059330,0.221210,0.000000,-0.229018,0.242678,-0.942687,0.000000,0.002246,-0.968291,-0.249815,0.000000,0.000000,0.000000,0.000000,1.000000>,<4.500000>,<LipOut262>,<2>,<43033>
<-103.943965,38.144635,-381.964555>,<-0.613268,-0.637887,-0.465836,0.000000,0.732103,-0.237638,-0.638399,0.000000,0.296526,-0.732549,0.612734,0.000000,0.000000,0.000000,0.000000,1.000000>,<4.500000>,<LipOut262>,<2>,<43269>
<-21.309979,33.827806,-406.183964>,<0.488377,-0.151707,0.859345,0.000000,-0.845839,-0.324451,0.423424,0.000000,0.214579,-0.933658,-0.286774,0.000000,0.000000,0.000000,0.000000,1.000000>,<4.500000>,<LipOut262>,<2>,<43074>
<-70.796989,248.128384,-158.884957>,<0.437485,-0.374851,-0.817370,0.000000,-0.120641,0.876287,-0.466442,0.000000,0.891096,0.302669,0.338140,0.000000,0.000000,0.000000,0.000000,1.000000>,<4.500000>,<LipIn262>,<2>,<43240>
<-106.179297,58.325843,-49.608696>,<-0.696227,-0.300722,-0.651793,0.000000,-0.676912,-0.027106,0.735564,0.000000,-0.238868,0.953327,-0.184690,0.000000,0.000000,0.000000,0.000000,1.000000>,<4.500000>,<LipOut262>,<2>,<43104>
<-80.417282,155.456581,-237.876501>,<-0.786231,-0.519479,-0.334638,0.000000,-0.335924,-0.095217,0.937064,0.000000,-0.518648,0.849162,-0.099643,0.000000,0.000000,0.000000,0.000000,1.000000>,<20.000000>,<iTallElipsoid>,<-2>,<11507>
<110.199347,-72.199261,-288.123842>,<0.745127,0.651376,-0.143158,0.000000,0.654535,-0.673062,0.344341,0.000000,0.127941,-0.350280,-0.927866,0.000000,0.000000,0.000000,0.000000,1.000000>,<4.500000>,<LipOut262>,<2>,<43078>
<92.052696,194.145886,-359.195515>,<-0.367160,0.588534,-0.720292,0.000000,0.902800,0.411906,-0.123632,0.000000,0.223931,-0.695673,-0.682564,0.000000,0.000000,0.000000,0.000000,1.000000>,<4.500000>,<LipIn262>,<2>,<42973>
<8.176441,27.048015,-413.193144>,<-0.358243,0.001874,-0.933627,0.000000,0.927619,-0.112564,-0.356163,0.000000,-0.105761,-0.993643,0.038587,0.000000,0.000000,0.000000,0.000000,1.000000>,<4.500000>,<LipIn262>,<2>,<43252>
<-109.743462,-93.146719,-253.030973>,<0.427452,-0.300891,-0.852496,0.000000,0.133836,-0.911534,0.388835,0.000000,-0.894077,-0.280303,-0.349367,0.000000,0.000000,0.000000,0.000000,1.000000>,<4.500000>,<LipOut262>,<2>,<43292>
<74.240593,231.422716,-110.418083>,<-0.104790,0.471378,0.875684,0.000000,0.694263,0.665130,-0.274957,0.000000,-0.712052,0.579142,-0.396959,0.000000,0.000000,0.000000,0.000000,1.000000>,<4.500000>,<LipOut262>,<2>,<43257>
<-27.041075,50.190922,-58.855399>,<-0.802190,-0.335478,-0.493908,0.000000,-0.558704,0.130027,0.819111,0.000000,-0.210572,0.933031,-0.291739,0.000000,0.000000,0.000000,0.000000,1.000000>,<20.000000>,<iTallElipsoid>,<-2>,<18320>
<98.780932,8.413655,-168.275298>,<-0.604587,-0.659970,0.445997,0.000000,-0.474346,-0.151503,-0.867204,0.000000,0.639899,-0.735857,-0.221457,0.000000,0.000000,0.000000,0.000000,1.000000>,<30.000000>,<iRegularElipsoid>,<-2>,<14157>
<24.648922,-46.960767,-61.776837>,<-0.640947,0.233842,-0.731099,0.000000,-0.711944,-0.537136,0.452351,0.000000,-0.286921,0.810434,0.510757,0.000000,0.000000,0.000000,0.000000,1.000000>,<4.500000>,<LipOut262>,<2>,<43043>
<61.617353,-33.259675,-370.196770>,<0.614619,0.306937,-0.726659,0.000000,0.674723,-0.681780,0.282710,0.000000,-0.408647,-0.664053,-0.626132,0.000000,0.000000,0.000000,0.000000,1.000000>,<4.500000>,<LipOut262>,<2>,<42958>
<73.958784,138.489175,-395.847584>,<-0.121054,0.476185,-0.870973,0.000000,0.965435,0.260513,0.008247,0.000000,0.230826,-0.839870,-0.491261,0.000000,0.000000,0.000000,0.000000,1.000000>,<4.500000>,<LipIn262>,<2>,<43230>
<32.726442,-110.154315,-254.931748>,<0.849621,0.137212,-0.509232,0.000000,0.269511,-0.942925,0.195592,0.000000,-0.453329,-0.303423,-0.838109,0.000000,0.000000,0.000000,0.000000,1.000000>,<4.500000>,<LipOut262>,<2>,<43271>
<-26.177033,-65.948859,-71.640058>,<-0.534242,0.069982,0.842430,0.000000,0.567845,-0.708532,0.418969,0.000000,0.626208,0.702200,0.338788,0.000000,0.000000,0.000000,0.000000,1.000000>,<4.500000>,<LipOut262>,<2>,<43050>
<-64.059684,-108.615925,-194.964187>,<0.930609,-0.241872,-0.274707,0.000000,-0.240053,-0.969904,0.040757,0.000000,-0.276298,0.028015,-0.960664,0.000000,0.000000,0.000000,0.000000,1.000000>,<4.500000>,<LipIn262>,<2>,<43299>
<24.895496,-39.128083,-114.448689>,<-0.027483,-0.912741,-0.407614,0.000000,-0.526657,0.359805,-0.770177,0.000000,0.849633,0.193506,-0.490590,0.000000,0.000000,0.000000,0.000000,1.000000>,<20.000000>,<iTallElipsoid>,<-2>,<16178>
<64.996931,-106.049825,-280.512264>,<0.202577,0.266518,0.942301,0.000000,-0.131971,-0.946044,0.295948,0.000000,0.970333,-0.184309,-0.156474,0.000000,0.000000,0.000000,0.000000,1.000000>,<4.500000>,<LipOut262>,<2>,<43162>
<25.276884,-42.681529,-61.580938>,<0.123059,0.198031,-0.972440,0.000000,-0.782312,-0.583555,-0.217836,0.000000,-0.610610,0.787558,0.083110,0.000000,0.000000,0.000000,0.000000,1.000000>,<4.500000>,<LipIn262>,<2>,<43043>
<-45.082063,87.987835,-20.728747>,<-0.696948,-0.058790,0.714707,0.000000,0.711236,0.070758,0.699383,0.000000,-0.091688,0.995760,-0.007501,0.000000,0.000000,0.000000,0.000000,1.000000>,<4.500000>,<LipIn262>,<2>,<43270>
<5.024598,263.516542,-290.929438>,<-0.799756,0.121402,-0.587921,0.000000,0.356158,0.884319,-0.301880,0.000000,0.483261,-0.450824,-0.750478,0.000000,0.000000,0.000000,0.000000,1.000000>,<4.500000>,<LipOut262>,<2>,<43137>
<-89.539387,-42.182696,-347.113988>,<-0.704880,-0.547243,0.451297,0.000000,-0.078179,-0.572420,-0.816225,0.000000,0.705005,-0.610623,0.360705,0.000000,0.000000,0.000000,0.000000,1.000000>,<4.500000>,<LipOut262>,<2>,<43059>
<-64.809914,-90.191054,-132.811128>,<-0.207692,-0.286710,-0.935233,0.000000,-0.454962,-0.818064,0.351825,0.000000,-0.865953,0.498567,0.039463,0.000000,0.000000,0.000000,0.000000,1.000000>,<4.500000>,<LipIn262>,<2>,<43185>
<-98.198609,68.284655,-286.338067>,<-0.015395,-0.193623,0.980955,0.000000,-0.335886,0.925061,0.177319,0.000000,-0.941777,-0.326759,-0.079277,0.000000,0.000000,0.000000,0.000000,1.000000>,<20.000000>,<iTallElipsoid>,<-2>,<9361>
<9.120128,44.584480,-17.866825>,<0.986762,0.139146,-0.083308,0.000000,-0.067219,-0.116575,-0.990905,0.000000,-0.147592,0.983386,-0.105678,0.000000,0.000000,0.000000,0.000000,1.000000>,<4.500000>,<LipOut262>,<2>,<43183>
<65.552074,269.413555,-200.988963>,<0.299159,0.490729,-0.818345,0.000000,-0.320515,0.859471,0.398221,0.000000,0.898763,0.143161,0.414404,0.000000,0.000000,0.000000,0.000000,1.000000>,<4.500000>,<LipOut262>,<2>,<43047>
<97.802964,225.629755,-127.916688>,<-0.091643,0.384578,-0.918532,0.000000,-0.446220,0.808760,0.383138,0.000000,0.890219,0.444979,0.097489,0.000000,0.000000,0.000000,0.000000,1.000000>,<4.500000>,<LipIn262>,<2>,<42962>
<83.443754,163.651067,-381.933301>,<0.436041,0.359967,-0.824798,0.000000,0.679160,0.469689,0.564034,0.000000,0.590432,-0.806112,-0.039671,0.000000,0.000000,0.000000,0.000000,1.000000>,<4.500000>,<LipIn262>,<2>,<42960>
<-55.034069,-66.674883,-102.050598>,<-0.899405,-0.436964,-0.011507,0.000000,0.299354,-0.634917,0.712227,0.000000,-0.318523,0.637136,0.701855,0.000000,0.000000,0.000000,0.000000,1.000000>,<4.500000>,<LipIn262>,<2>,<43100>
<-42.925679,242.035405,-111.293453>,<0.887372,-0.204847,-0.413048,0.000000,-0.167423,0.691556,-0.702653,0.000000,0.429582,0.692668,0.579371,0.000000,0.000000,0.000000,0.000000,1.000000>,<4.500000>,<LipOut262>,<2>,<42999>
<-57.110581,-50.403151,-67.550113>,<-0.849250,-0.070486,-0.523265,0.000000,-0.376915,-0.613079,0.694312,0.000000,-0.369742,0.786871,0.494090,0.000000,0.000000,0.000000,0.000000,1.000000>,<4.500000>,<LipOut262>,<2>,<43153>
<78.240343,-87.970091,-290.291296>,<-0.511929,0.450602,0.731359,0.000000,-0.375741,-0.883074,0.281069,0.000000,0.772494,-0.130914,0.621381,0.000000,0.000000,0.000000,0.000000,1.000000>,<4.500000>,<LipIn262>,<2>,<43026>
<-96.049116,-55.155521,-147.260327>,<0.107316,-0.225446,-0.968327,0.000000,-0.957833,0.237653,-0.161484,0.000000,0.266531,0.944826,-0.190435,0.000000,0.000000,0.000000,0.000000,1.000000>,<20.000000>,<iTallElipsoid>,<-2>,<14776>
<-20.700595,-42.445667,-56.600465>,<-0.998834,0.036222,0.031912,0.000000,0.002042,-0.628752,0.777603,0.000000,0.048231,0.776762,0.627945,0.000000,0.000000,0.000000,0.000000,1.000000>,<4.500000>,<LipIn262>,<2>,<43198>
<-95.715844,249.905308,-281.539592>,<0.494542,-0.409905,-0.766424,0.000000,0.278227,0.910065,-0.307199,0.000000,0.823418,-0.061317,0.564112,0.000000,0.000000,0.000000,0.000000,1.000000>,<4.500000>,<LipIn262>,<2>,<43041>
<-10.350002,171.430969,-356.811233>,<0.288381,-0.264484,-0.920263,0.000000,0.214631,0.954494,-0.207063,0.000000,0.933151,-0.137804,0.332024,0.000000,0.000000,0.000000,0.000000,1.000000>,<20.000000>,<iTallElipsoid>,<-2>,<6696>
<63.086200,262.900229,-138.539408>,<0.874490,0.294287,-0.385568,0.000000,-0.355960,0.929348,-0.098007,0.000000,0.329484,0.222953,0.917460,0.000000,0.000000,0.000000,0.000000,1.000000>,<4.500000>,<LipIn262>,<2>,<43098>
<6.634614,-118.801341,-258.577410>,<-0.535095,0.028179,-0.844322,0.000000,0.172946,-0.974622,-0.142133,0.000000,-0.826900,-0.222076,0.516642,0.000000,0.000000,0.000000,0.000000,1.000000>,<4.500000>,<LipIn262>,<2>,<43155>
<5.349739,221.516069,-83.141423>,<0.195396,0.040723,0.979878,0.000000,0.518597,0.843731,-0.138478,0.000000,-0.832393,0.535220,0.143743,0.000000,0.000000,0.000000,0.000000,1.000000>,<4.500000>,<LipIn262>,<2>,<43021>
<55.175878,152.133918,-207.139149>,<0.521267,0.231698,0.821338,0.000000,0.617175,0.562345,-0.550330,0.000000,-0.589386,0.793778,0.150134,0.000000,0.000000,0.000000,0.000000,1.000000>,<30.000000>,<iRegularElipsoid>,<-2>,<12895>
<-44.511317,137.764224,-44.717229>,<-0.733939,-0.611662,0.295301,0.000000,0.204300,-0.613438,-0.762860,0.000000,0.647761,-0.499562,0.575189,0.000000,0.000000,0.000000,0.000000,1.000000>,<20.000000>,<iTallElipsoid>,<-2>,<19084>
<-52.400238,-106.699383,-256.429151>,<0.631612,-0.212096,-0.745709,0.000000,0.032115,-0.953868,0.298503,0.000000,-0.774619,-0.212486,-0.595663,0.000000,0.000000,0.000000,0.000000,1.000000>,<4.500000>,<LipOut262>,<2>,<43007>
<75.751782,114.826486,-401.467735>,<-0.635017,0.268040,-0.724506,0.000000,0.771467,0.171593,-0.612695,0.000000,-0.039906,-0.948003,-0.315748,0.000000,0.000000,0.000000,0.000000,1.000000>,<4.500000>,<LipOut262>,<2>,<42993>
<33.278712,-106.391565,-282.174768>,<0.961378,0.099377,0.256663,0.000000,-0.025473,-0.896410,0.442493,0.000000,0.274049,-0.431941,-0.859258,0.000000,0.000000,0.000000,0.000000,1.000000>,<4.500000>,<LipIn262>,<2>,<42976>
<-77.076774,265.007805,-210.396857>,<0.345740,-0.444238,0.826508,0.000000,0.091532,0.892595,0.441469,0.000000,-0.933855,-0.076982,0.349268,0.000000,0.000000,0.000000,0.000000,1.000000>,<4.500000>,<LipOut262>,<2>,<42978>
<24.648477,279.485134,-239.332630>,<-0.949333,0.145364,0.278634,0.000000,0.121618,0.987446,-0.100792,0.000000,-0.289787,-0.061798,-0.955094,0.000000,0.000000,0.000000,0.000000,1.000000>,<4.500000>,<LipOut262>,<2>,<43095>
<32.767634,252.668610,-131.853776>,<0.730324,0.157998,0.664578,0.000000,0.090426,0.941961,-0.323315,0.000000,-0.677090,0.296220,0.673649,0.000000,0.000000,0.000000,0.000000,1.000000>,<4.500000>,<LipOut262>,<2>,<43094>
<-114.547953,-76.267412,-174.083285>,<-0.556173,-0.589965,0.585331,0.000000,0.702868,-0.709733,-0.047497,0.000000,0.443451,0.384993,0.809402,0.000000,0.000000,0.000000,0.000000,1.000000>,<4.500000>,<LipOut262>,<2>,<43231>
<-71.030069,213.478533,-350.808667>,<-0.697640,-0.441032,-0.564614,0.000000,0.216450,0.621503,-0.752916,0.000000,0.682970,-0.647475,-0.338124,0.000000,0.000000,0.000000,0.000000,1.000000>,<4.500000>,<LipOut262>,<2>,<43206>
<-7.077046,-53.626251,-363.829945>,<0.805174,-0.032407,-0.592152,0.000000,0.335220,-0.798810,0.499529,0.000000,-0.489205,-0.600710,-0.632318,0.000000,0.000000,0.000000,0.000000,1.000000>,<4.500000>,<LipIn262>,<2>,<43236>
<12.807705,88.807235,-418.883972>,<0.549062,0.127617,-0.825981,0.000000,0.825749,0.069834,0.559698,0.000000,0.129108,-0.989362,-0.067037,0.000000,0.000000,0.000000,0.000000,1.000000>,<4.500000>,<LipIn262>,<2>,<42964>
<20.685155,5.410941,-401.628057>,<-0.618679,0.090317,-0.780435,0.000000,0.646347,-0.506197,-0.570964,0.000000,-0.446622,-0.857676,0.254797,0.000000,0.000000,0.000000,0.000000,1.000000>,<4.500000>,<LipOut262>,<2>,<43060>
<46.767930,111.083418,-415.875887>,<0.774819,0.369083,0.513258,0.000000,-0.567478,0.048250,0.821974,0.000000,0.278612,-0.928143,0.246832,0.000000,0.000000,0.000000,0.000000,1.000000>,<4.500000>,<LipOut262>,<2>,<43091>
<-69.561484,-105.650555,-229.371523>,<0.283742,-0.344599,-0.894842,0.000000,-0.135927,-0.938227,0.318205,0.000000,-0.949218,0.031345,-0.313055,0.000000,0.000000,0.000000,0.000000,1.000000>,<4.500000>,<LipOut262>,<2>,<42997>
<50.455260,220.633895,-345.505197>,<-0.687302,0.295520,-0.663539,0.000000,0.555398,0.802540,-0.217860,0.000000,0.468135,-0.518264,-0.715718,0.000000,0.000000,0.000000,0.000000,1.000000>,<4.500000>,<LipIn262>,<2>,<43035>
<32.717467,247.013886,-325.424939>,<0.741366,0.120043,0.660278,0.000000,-0.371585,0.892716,0.254918,0.000000,-0.558839,-0.434337,0.706435,0.000000,0.000000,0.000000,0.000000,1.000000>,<4.500000>,<LipIn262>,<2>,<43141>
<43.116993,-101.632251,-143.237507>,<0.724433,0.223989,-0.651940,0.000000,-0.018548,-0.939062,-0.343248,0.000000,-0.689095,0.260752,-0.676133,0.000000,0.000000,0.000000,0.000000,1.000000>,<4.500000>,<LipOut262>,<2>,<42989>
<-33.871341,3.621593,-398.043247>,<0.651473,-0.375211,0.659394,0.000000,-0.755189,-0.237523,0.610960,0.000000,-0.072618,-0.895991,-0.438095,0.000000,0.000000,0.000000,0.000000,1.000000>,<4.500000>,<LipOut262>,<2>,<43187>
<-75.215595,35.865706,-397.919848>,<-0.734720,-0.435263,-0.520320,0.000000,0.642738,-0.201338,-0.739156,0.000000,0.216967,-0.877502,0.427687,0.000000,0.000000,0.000000,0.000000,1.000000>,<4.500000>,<LipIn262>,<2>,<43156>
<69.198657,-80.923529,-320.481227>,<0.766228,0.318768,0.557926,0.000000,-0.224307,-0.680964,0.697118,0.000000,0.602146,-0.659299,-0.450272,0.000000,0.000000,0.000000,0.000000,1.000000>,<4.500000>,<LipIn262>,<2>,<43161>
<79.674730,63.413706,-35.852851>,<0.787195,0.467522,0.402179,0.000000,0.510836,-0.128970,-0.849949,0.000000,-0.345501,0.874523,-0.340352,0.000000,0.000000,0.000000,0.000000,1.000000>,<4.500000>,<LipOut262>,<2>,<43160>
<34.858873,261.378255,-303.981243>,<0.803701,0.185486,0.565385,0.000000,-0.341952,0.921578,0.183747,0.000000,-0.486964,-0.341012,0.804100,0.000000,0.000000,0.000000,0.000000,1.000000>,<4.500000>,<LipIn262>,<2>,<43024>
<-21.620949,128.940604,-410.239158>,<0.840275,-0.297457,-0.453273,0.000000,0.511585,0.158228,0.844538,0.000000,-0.179493,-0.941532,0.285130,0.000000,0.000000,0.000000,0.000000,1.000000>,<4.500000>,<LipOut262>,<2>,<43089>
<41.289708,-112.700298,-229.993676>,<0.870326,0.450078,0.199906,0.000000,0.406164,-0.885549,0.225463,0.000000,0.278503,-0.115032,-0.953522,0.000000,0.000000,0.000000,0.000000,1.000000>,<4.500000>,<LipOut262>,<2>,<43304>
<-8.660263,-84.536528,-340.009070>,<-0.113901,0.003421,0.993486,0.000000,-0.765980,-0.637137,-0.085624,0.000000,0.632694,-0.770743,0.075191,0.000000,0.000000,0.000000,0.000000,1.000000>,<4.500000>,<LipOut262>,<2>,<43115>
<-108.354180,7.779670,-366.206190>,<-0.252123,-0.474172,-0.843561,0.000000,0.933018,-0.350384,-0.081906,0.000000,-0.256732,-0.807708,0.530751,0.000000,0.000000,0.000000,0.000000,1.000000>,<4.500000>,<LipIn262>,<2>,<43264>
<75.348315,33.991020,-36.890092>,<-0.514483,0.379002,-0.769197,0.000000,-0.855984,-0.280320,0.434410,0.000000,-0.050979,0.881917,0.468640,0.000000,0.000000,0.000000,0.000000,1.000000>,<4.500000>,<LipIn262>,<2>,<43199>
<64.307202,-108.054744,-249.354169>,<0.836508,0.238870,-0.493149,0.000000,0.248300,-0.967520,-0.047463,0.000000,-0.488468,-0.082745,-0.868649,0.000000,0.000000,0.000000,0.000000,1.000000>,<4.500000>,<LipOut262>,<2>,<43002>
<35.410675,156.194277,-398.900977>,<0.127201,0.267488,-0.955128,0.000000,0.935650,0.287251,0.205053,0.000000,0.329211,-0.919748,-0.213737,0.000000,0.000000,0.000000,0.000000,1.000000>,<4.500000>,<LipIn262>,<2>,<42990>
<-34.395657,-45.074696,-375.062288>,<0.839189,-0.231998,0.491873,0.000000,-0.528399,-0.561821,0.636515,0.000000,0.128674,-0.794061,-0.594062,0.000000,0.000000,0.000000,0.000000,1.000000>,<4.500000>,<LipIn262>,<2>,<43283>
<-21.944017,260.771541,-309.590632>,<0.154627,-0.085023,-0.984308,0.000000,0.569859,0.821533,0.018557,0.000000,0.807064,-0.563786,0.175482,0.000000,0.000000,0.000000,0.000000,1.000000>,<4.500000>,<LipOut262>,<2>,<43268>
<-61.213376,263.267798,-236.381303>,<-0.743701,-0.241720,-0.623281,0.000000,-0.222259,0.968708,-0.110483,0.000000,0.630484,0.056363,-0.774153,0.000000,0.000000,0.000000,0.000000,1.000000>,<4.500000>,<LipIn262>,<2>,<43051>
<17.631742,-62.682970,-365.005155>,<0.814485,0.174671,0.553267,0.000000,-0.310864,-0.673787,0.670355,0.000000,0.489875,-0.717984,-0.494490,0.000000,0.000000,0.000000,0.000000,1.000000>,<4.500000>,<LipIn262>,<2>,<43308>
<-31.950586,-77.801208,-102.303847>,<0.255423,-0.112610,0.960249,0.000000,0.548356,-0.801122,-0.239809,0.000000,0.796282,0.587811,-0.142875,0.000000,0.000000,0.000000,0.000000,1.000000>,<4.500000>,<LipIn262>,<2>,<43096>
<31.706066,187.974477,-53.821686>,<0.875410,-0.008337,0.483308,0.000000,0.438479,0.434530,-0.786715,0.000000,-0.203453,0.900619,0.384048,0.000000,0.000000,0.000000,0.000000,1.000000>,<4.500000>,<LipOut262>,<2>,<43013>
<-67.841458,86.432531,-30.842804>,<0.354171,-0.175997,-0.918471,0.000000,-0.931577,0.019736,-0.363007,0.000000,0.082015,0.984193,-0.156965,0.000000,0.000000,0.000000,0.000000,1.000000>,<4.500000>,<LipIn262>,<2>,<43009>
<118.987238,211.325465,-324.938694>,<-0.746552,0.622938,0.233686,0.000000,0.206677,0.550991,-0.808513,0.000000,-0.632412,-0.555300,-0.540090,0.000000,0.000000,0.000000,0.000000,1.000000>,<4.500000>,<LipIn262>,<2>,<43109>
<-69.653439,208.675115,-353.492552>,<0.527958,-0.419135,0.738638,0.000000,-0.335563,0.696010,0.634797,0.000000,-0.780165,-0.583006,0.226818,0.000000,0.000000,0.000000,0.000000,1.000000>,<4.500000>,<LipIn262>,<2>,<43206>
<-46.905470,26.402023,-408.592337>,<-0.207647,-0.358466,0.910157,0.000000,-0.915123,-0.257528,-0.310207,0.000000,0.345589,-0.897319,-0.274565,0.000000,0.000000,0.000000,0.000000,1.000000>,<4.500000>,<LipOut262>,<2>,<43229>
<-23.923090,-115.431861,-255.656728>,<0.337109,-0.113135,0.934643,0.000000,-0.385641,-0.922240,0.027460,0.000000,0.858859,-0.369694,-0.354525,0.000000,0.000000,0.000000,0.000000,1.000000>,<4.500000>,<LipOut262>,<2>,<42983>
<-6.806385,12.578379,-26.539416>,<-0.576031,-0.057487,-0.815404,0.000000,-0.794477,-0.195345,0.575019,0.000000,-0.192341,0.979048,0.066853,0.000000,0.000000,0.000000,0.000000,1.000000>,<4.500000>,<LipOut262>,<2>,<43144>
<4.342961,-63.281388,-82.362224>,<0.802830,-0.077208,-0.591188,0.000000,-0.468009,-0.695920,-0.544668,0.000000,-0.369367,0.713956,-0.594840,0.000000,0.000000,0.000000,0.000000,1.000000>,<4.500000>,<LipOut262>,<2>,<43163>
<-23.327660,275.540568,-180.995198>,<0.484167,-0.129148,-0.865392,0.000000,-0.144339,0.963708,-0.224575,0.000000,0.862988,0.233642,0.447954,0.000000,0.000000,0.000000,0.000000,1.000000>,<4.500000>,<LipIn262>,<2>,<43159>
<46.177814,-95.839726,-306.989474>,<0.767974,0.250730,0.589364,0.000000,-0.104815,-0.858585,0.501843,0.000000,0.631846,-0.447176,-0.633090,0.000000,0.000000,0.000000,0.000000,1.000000>,<4.500000>,<LipIn262>,<2>,<43038>
<-84.394708,-86.736393,-148.848551>,<-0.193259,-0.405738,0.893324,0.000000,0.452307,-0.844811,-0.285854,0.000000,0.870672,0.348813,0.346786,0.000000,0.000000,0.000000,0.000000,1.000000>,<4.500000>,<LipIn262>,<2>,<43084>
<5.871674,250.813576,-107.629576>,<-0.820092,-0.114823,-0.560593,0.000000,-0.343678,0.882125,0.322087,0.000000,0.457531,0.456804,-0.762886,0.000000,0.000000,0.000000,0.000000,1.000000>,<4.500000>,<LipOut262>,<2>,<43210>
<-61.534105,-46.754067,-357.006546>,<-0.692687,-0.447174,-0.565880,0.000000,0.698991,-0.609592,-0.373911,0.000000,-0.177753,-0.654548,0.734827,0.000000,0.000000,0.000000,0.000000,1.000000>,<4.500000>,<LipOut262>,<2>,<43218>
<-90.678771,184.723514,-360.994998>,<0.613019,-0.622470,-0.486558,0.000000,0.789523,0.505512,0.348009,0.000000,0.029336,-0.597485,0.801343,0.000000,0.000000,0.000000,0.000000,1.000000>,<4.500000>,<LipIn262>,<2>,<43065>
<67.452863,-31.771994,-377.377488>,<0.856765,0.341634,-0.386315,0.000000,0.514438,-0.618685,0.593787,0.000000,-0.036150,-0.707471,-0.705817,0.000000,0.000000,0.000000,0.000000,1.000000>,<4.500000>,<LipOut262>,<2>,<42958>
<-47.232623,169.976370,-45.497192>,<0.786910,-0.111681,0.606877,0.000000,0.566232,0.521586,-0.638223,0.000000,-0.245261,0.845858,0.473679,0.000000,0.000000,0.000000,0.000000,1.000000>,<4.500000>,<LipIn262>,<2>,<43175>
<-51.976474,116.897380,-24.246523>,<0.359873,-0.133835,-0.923352,0.000000,-0.919649,0.115951,-0.375236,0.000000,0.157284,0.984197,-0.081354,0.000000,0.000000,0.000000,0.000000,1.000000>,<4.500000>,<LipIn262>,<2>,<42955>
<-108.329123,-89.864348,-250.730091>,<0.181620,-0.375104,-0.909017,0.000000,0.222750,-0.884670,0.409562,0.000000,-0.957808,-0.276868,-0.077119,0.000000,0.000000,0.000000,0.000000,1.000000>,<4.500000>,<LipOut262>,<2>,<43292>
<9.580452,-115.625076,-196.861304>,<-0.946581,0.072782,0.314145,0.000000,-0.069092,-0.997348,0.022879,0.000000,0.314977,-0.000048,0.949099,0.000000,0.000000,0.000000,0.000000,1.000000>,<4.500000>,<LipOut262>,<2>,<43276>
<5.309633,169.800553,-39.339256>,<-0.953711,-0.026424,0.299562,0.000000,0.250954,0.478952,0.841206,0.000000,-0.165704,0.877443,-0.450151,0.000000,0.000000,0.000000,0.000000,1.000000>,<4.500000>,<LipOut262>,<2>,<43168>
<-65.647799,268.064498,-237.472676>,<-0.949943,-0.312192,0.012016,0.000000,-0.309943,0.946542,0.089407,0.000000,-0.039285,0.081207,-0.995923,0.000000,0.000000,0.000000,0.000000,1.000000>,<4.500000>,<LipOut262>,<2>,<43051>
<103.372457,242.998471,-264.170145>,<0.467598,0.674256,0.571603,0.000000,-0.502476,0.734766,-0.455672,0.000000,-0.727234,-0.074146,0.682373,0.000000,0.000000,0.000000,0.000000,1.000000>,<4.500000>,<LipIn262>,<2>,<43030>
<-91.932303,173.091309,-58.431186>,<-0.806691,-0.454064,-0.378252,0.000000,-0.589108,0.567049,0.575680,0.000000,-0.046908,0.687227,-0.724926,0.000000,0.000000,0.000000,0.000000,1.000000>,<4.500000>,<LipOut262>,<2>,<42987>
<6.679695,45.159031,-27.591481>,<0.647174,0.127629,-0.751583,0.000000,-0.746676,-0.092718,-0.658694,0.000000,-0.153754,0.987479,0.035292,0.000000,0.000000,0.000000,0.000000,1.000000>,<4.500000>,<LipOut262>,<2>,<43183>
<-113.571183,238.323638,-264.473850>,<-0.387729,-0.594370,-0.704549,0.000000,-0.120193,0.790415,-0.600664,0.000000,0.913904,-0.148213,-0.377906,0.000000,0.000000,0.000000,0.000000,1.000000>,<4.500000>,<LipOut262>,<2>,<42986>
<-15.101723,-122.491997,-195.931776>,<-0.783588,0.014892,0.621102,0.000000,0.196430,-0.942492,0.270415,0.000000,0.589411,0.333897,0.735600,0.000000,0.000000,0.000000,0.000000,1.000000>,<4.500000>,<LipOut262>,<2>,<43106>
<50.857156,226.193750,-86.104021>,<0.216717,0.439878,-0.871517,0.000000,-0.817142,0.570195,0.084597,0.000000,0.534147,0.693819,0.483014,0.000000,0.000000,0.000000,0.000000,1.000000>,<4.500000>,<LipOut262>,<2>,<43273>
<70.025465,-49.817894,-82.998826>,<-0.386170,0.379534,-0.840730,0.000000,-0.725932,-0.687378,0.023134,0.000000,-0.569119,0.619246,0.540960,0.000000,0.000000,0.000000,0.000000,1.000000>,<4.500000>,<LipOut262>,<2>,<43062>
<-51.207845,-117.387932,-235.643075>,<0.801309,-0.283514,-0.526805,0.000000,-0.196211,-0.956415,0.216268,0.000000,-0.565159,-0.069932,-0.822013,0.000000,0.000000,0.000000,0.000000,1.000000>,<4.500000>,<LipOut262>,<2>,<43209>
<110.576844,4.928523,-372.274009>,<0.769049,0.384703,0.510458,0.000000,-0.372535,-0.379176,0.847020,0.000000,0.519405,-0.841563,-0.148290,0.000000,0.000000,0.000000,0.000000,1.000000>,<4.500000>,<LipOut262>,<2>,<43023>
<43.871506,-20.729953,-381.038185>,<0.967198,0.238228,0.088179,0.000000,0.051154,-0.522676,0.850996,0.000000,0.248820,-0.818570,-0.517717,0.000000,0.000000,0.000000,0.000000,1.000000>,<4.500000>,<LipIn262>,<2>,<43110>
<-91.627585,-12.087333,-368.188385>,<0.086502,-0.249137,-0.964597,0.000000,0.773137,-0.593850,0.222712,0.000000,-0.628312,-0.765031,0.141248,0.000000,0.000000,0.000000,0.000000,1.000000>,<4.500000>,<LipOut262>,<2>,<43182>
<73.680387,10.690722,-49.165541>,<-0.550529,0.195573,0.811584,0.000000,0.725795,-0.368217,0.581067,0.000000,0.412480,0.908938,0.060768,0.000000,0.000000,0.000000,0.000000,1.000000>,<4.500000>,<LipIn262>,<2>,<43058>
<106.930937,-85.061008,-183.584636>,<0.217628,0.577408,-0.786917,0.000000,0.040197,-0.810859,-0.583860,0.000000,-0.975204,0.095432,-0.199676,0.000000,0.000000,0.000000,0.000000,1.000000>,<4.500000>,<LipIn262>,<2>,<43223>
<-80.786408,-33.494428,-74.260177>,<-0.955814,-0.216333,-0.199045,0.000000,-0.009602,-0.653753,0.756647,0.000000,-0.293814,0.725125,0.622789,0.000000,0.000000,0.000000,0.000000,1.000000>,<4.500000>,<LipOut262>,<2>,<42982>
<72.282923,88.849561,-413.141240>,<0.856629,0.320736,-0.404122,0.000000,0.407502,0.059787,0.911245,0.000000,0.316431,-0.945280,-0.079485,0.000000,0.000000,0.000000,0.000000,1.000000>,<4.500000>,<LipIn262>,<2>,<43250>
<-21.326101,96.387183,-419.528008>,<0.928181,-0.047513,0.369084,0.000000,-0.363240,0.099807,0.926334,0.000000,-0.080850,-0.993872,0.075380,0.000000,0.000000,0.000000,0.000000,1.000000>,<4.500000>,<LipIn262>,<2>,<43128>
<-106.479217,201.113444,-335.290782>,<-0.074192,-0.527193,-0.846501,0.000000,0.706617,0.571185,-0.417660,0.000000,0.703696,-0.629138,0.330146,0.000000,0.000000,0.000000,0.000000,1.000000>,<4.500000>,<LipIn262>,<2>,<43143>
<30.465208,-22.834971,-52.651257>,<-0.962664,0.263701,-0.061152,0.000000,-0.177222,-0.443185,0.878737,0.000000,0.204622,0.856766,0.473372,0.000000,0.000000,0.000000,0.000000,1.000000>,<4.500000>,<LipOut262>,<2>,<43150>
<76.261768,262.083293,-271.178192>,<0.903935,0.381692,0.192906,0.000000,-0.411141,0.899763,0.146251,0.000000,-0.117747,-0.211513,0.970257,0.000000,0.000000,0.000000,0.000000,1.000000>,<4.500000>,<LipIn262>,<2>,<43130>
<-75.837919,-50.940153,-89.761893>,<0.969997,-0.242059,0.022668,0.000000,-0.172160,-0.749727,-0.638961,0.000000,0.171661,0.615887,-0.768905,0.000000,0.000000,0.000000,0.000000,1.000000>,<4.500000>,<LipIn262>,<2>,<43017>
<-23.578688,278.448925,-257.074135>,<0.324573,-0.163488,0.931624,0.000000,-0.126617,0.968574,0.214085,0.000000,-0.937348,-0.187446,0.293673,0.000000,0.000000,0.000000,0.000000,1.000000>,<4.500000>,<LipIn262>,<2>,<43274>
<106.784382,-88.036085,-167.028718>,<-0.759606,0.346468,-0.550417,0.000000,-0.483336,-0.866992,0.121290,0.000000,-0.435184,0.358169,0.826033,0.000000,0.000000,0.000000,0.000000,1.000000>,<4.500000>,<LipIn262>,<2>,<43048>
<-100.270669,153.967724,-379.159659>,<0.614806,-0.506785,0.604303,0.000000,-0.581801,0.225874,0.781338,0.000000,-0.532467,-0.831955,-0.155980,0.000000,0.000000,0.000000,0.000000,1.000000>,<4.500000>,<LipOut262>,<2>,<43239>
<7.435770,268.841201,-169.767970>,<0.142405,0.185808,0.972212,0.000000,0.215100,0.952939,-0.213631,0.000000,-0.966154,0.239545,0.095736,0.000000,0.000000,0.000000,0.000000,1.000000>,<4.500000>,<LipIn262>,<2>,<43055>
<50.568775,225.805082,-344.527643>,<-0.661216,0.255770,0.705248,0.000000,-0.351869,0.724527,-0.592662,0.000000,-0.662557,-0.640033,-0.389072,0.000000,0.000000,0.000000,0.000000,1.000000>,<4.500000>,<LipIn262>,<2>,<43035>
<19.429907,-28.658366,-383.048078>,<0.663124,0.147480,0.733836,0.000000,-0.571730,-0.532973,0.623751,0.000000,0.483105,-0.833180,-0.269108,0.000000,0.000000,0.000000,0.000000,1.000000>,<4.500000>,<LipOut262>,<2>,<42996>
<22.599228,-111.016689,-160.192373>,<-0.015480,0.038157,0.999152,0.000000,0.485292,-0.873396,0.040873,0.000000,0.874215,0.485513,-0.004997,0.000000,0.000000,0.000000,0.000000,1.000000>,<4.500000>,<LipOut262>,<2>,<43221>
<107.608753,51.993368,-53.565006>,<0.897104,0.345251,0.275693,0.000000,0.350336,-0.175670,-0.920002,0.000000,-0.269200,0.921923,-0.278548,0.000000,0.000000,0.000000,0.000000,1.000000>,<4.500000>,<LipIn262>,<2>,<43189>
<111.585604,141.905301,-375.216007>,<0.498069,0.567082,-0.656007,0.000000,0.650485,0.255920,0.715104,0.000000,0.573408,-0.782894,-0.241412,0.000000,0.000000,0.000000,0.000000,1.000000>,<4.500000>,<LipIn262>,<2>,<43248>
<-47.246483,195.266802,-65.978586>,<0.831837,-0.245428,0.497807,0.000000,0.537449,0.580083,-0.612088,0.000000,-0.138546,0.776704,0.614439,0.000000,0.000000,0.000000,0.000000,1.000000>,<4.500000>,<LipIn262>,<2>,<43054>
<-33.318726,-1.302921,-37.117649>,<0.798163,-0.030611,0.601663,0.000000,0.531185,-0.435402,-0.726820,0.000000,0.284214,0.899715,-0.331262,0.000000,0.000000,0.000000,0.000000,1.000000>,<4.500000>,<LipOut262>,<2>,<43213>
<66.819219,-110.931117,-245.472651>,<-0.943568,0.224049,0.243889,0.000000,-0.225706,-0.973958,0.021510,0.000000,0.242357,-0.034751,0.969565,0.000000,0.000000,0.000000,0.000000,1.000000>,<4.500000>,<LipOut262>,<2>,<43002>
<109.434937,126.074708,-61.588031>,<-0.215465,0.675643,-0.705040,0.000000,-0.716030,0.381615,0.584526,0.000000,0.663985,0.630775,0.401556,0.000000,0.000000,0.000000,0.000000,1.000000>,<4.500000>,<LipIn262>,<2>,<43243>
<86.460318,-15.853867,-372.416140>,<0.282092,0.473415,-0.834447,0.000000,0.906696,-0.415835,0.070597,0.000000,-0.313571,-0.776505,-0.546547,0.000000,0.000000,0.000000,0.000000,1.000000>,<4.500000>,<LipIn262>,<2>,<43073>
<57.957596,174.619026,-384.497291>,<-0.698063,0.283648,-0.657458,0.000000,0.684577,0.533552,-0.496666,0.000000,0.209910,-0.796785,-0.566632,0.000000,0.000000,0.000000,0.000000,1.000000>,<4.500000>,<LipIn262>,<2>,<43179>
<-76.385547,133.457323,-39.794377>,<-0.156595,-0.270650,-0.949856,0.000000,-0.940903,0.333291,0.060152,0.000000,0.300299,0.903142,-0.306847,0.000000,0.000000,0.000000,0.000000,1.000000>,<4.500000>,<LipOut262>,<2>,<43217>
<38.242644,-51.645612,-361.493215>,<-0.933545,0.326827,0.147234,0.000000,-0.330652,-0.626514,-0.705797,0.000000,-0.138429,-0.707577,0.692945,0.000000,0.000000,0.000000,0.000000,1.000000>,<4.500000>,<LipIn262>,<2>,<43212>
<-6.621261,9.338009,-30.423245>,<0.854015,-0.203260,0.478899,0.000000,0.424418,-0.260170,-0.867284,0.000000,0.300879,0.943926,-0.135922,0.000000,0.000000,0.000000,0.000000,1.000000>,<4.500000>,<LipOut262>,<2>,<43144>
<31.332381,-117.269337,-211.423829>,<-0.044098,0.171749,0.984153,0.000000,0.030493,-0.984421,0.173162,0.000000,0.998562,0.037646,0.038174,0.000000,0.000000,0.000000,0.000000,1.000000>,<4.500000>,<LipIn262>,<2>,<43174>
<-44.694726,30.097431,-27.199451>,<-0.752916,-0.007766,0.658070,0.000000,0.632301,-0.285847,0.720060,0.000000,0.182516,0.958244,0.220130,0.000000,0.000000,0.000000,0.000000,1.000000>,<4.500000>,<LipOut262>,<2>,<43123>
<96.244159,76.002897,-48.195390>,<-0.434079,0.446038,-0.782703,0.000000,-0.890352,-0.080006,0.448187,0.000000,0.137288,0.891431,0.431860,0.000000,0.000000,0.000000,0.000000,1.000000>,<4.500000>,<LipIn262>,<2>,<43170>
<-22.832954,281.536987,-210.176741>,<0.858392,0.024160,-0.512425,0.000000,-0.075812,0.993897,-0.080136,0.000000,0.507361,0.107636,0.854985,0.000000,0.000000,0.000000,0.000000,1.000000>,<4.500000>,<LipOut262>,<2>,<43306>
<-116.674257,34.794481,-54.833799>,<-0.378533,-0.580906,0.720597,0.000000,0.925071,-0.263440,0.273573,0.000000,0.030914,0.770160,0.637101,0.000000,0.000000,0.000000,0.000000,1.000000>,<4.500000>,<LipIn262>,<2>,<43242>
<-99.578574,236.274773,-147.399007>,<-0.901238,-0.380349,0.207616,0.000000,-0.245899,0.843411,0.477694,0.000000,-0.356796,0.379464,-0.853642,0.000000,0.000000,0.000000,0.000000,1.000000>,<4.500000>,<LipIn262>,<2>,<43262>
<84.898999,223.069883,-332.737373>,<-0.368390,0.444888,-0.816311,0.000000,0.729650,0.682488,0.042673,0.000000,0.576107,-0.579901,-0.576035,0.000000,0.000000,0.000000,0.000000,1.000000>,<4.500000>,<LipOut262>,<2>,<43027>
<-22.317259,130.775936,-21.331470>,<0.209186,-0.115806,0.970995,0.000000,0.962918,0.197405,-0.183902,0.000000,-0.170382,0.973458,0.152806,0.000000,0.000000,0.000000,0.000000,1.000000>,<4.500000>,<LipIn262>,<2>,<43146>
<97.062921,4.829254,-58.872157>,<0.460330,0.366912,-0.808376,0.000000,-0.634497,-0.500889,-0.588663,0.000000,-0.620894,0.783891,0.002230,0.000000,0.000000,0.000000,0.000000,1.000000>,<4.500000>,<LipIn262>,<2>,<43309>
<-57.559120,268.553913,-266.548209>,<-0.065202,-0.362995,0.929507,0.000000,-0.345255,0.882165,0.320288,0.000000,-0.936241,-0.300033,-0.182845,0.000000,0.000000,0.000000,0.000000,1.000000>,<4.500000>,<LipOut262>,<2>,<43301>
<92.208792,2.053922,-58.672125>,<0.826008,0.459506,0.326443,0.000000,0.524181,-0.413289,-0.744598,0.000000,-0.207232,0.786160,-0.582244,0.000000,0.000000,0.000000,0.000000,1.000000>,<4.500000>,<LipIn262>,<2>,<43309>
<-7.170799,-115.187534,-168.125275>,<-0.860417,-0.093773,0.500889,0.000000,0.175317,-0.977394,0.118176,0.000000,0.478484,0.189495,0.857406,0.000000,0.000000,0.000000,0.000000,1.000000>,<4.500000>,<LipIn262>,<2>,<43111>
<6.679246,136.352000,-409.646268>,<0.629459,0.161849,-0.759991,0.000000,0.718588,0.250898,0.648600,0.000000,0.295656,-0.954387,0.041627,0.000000,0.000000,0.000000,0.000000,1.000000>,<4.500000>,<LipIn262>,<2>,<42988>
<-105.061532,60.683599,-58.494755>,<-0.355210,-0.461942,0.812672,0.000000,0.927501,-0.065839,0.367976,0.000000,-0.116478,0.884463,0.451839,0.000000,0.000000,0.000000,0.000000,1.000000>,<4.500000>,<LipIn262>,<2>,<43104>
<67.901026,-48.574341,-83.472383>,<0.913889,0.338506,0.224102,0.000000,0.404988,-0.721923,-0.561081,0.000000,-0.028145,0.603524,-0.796848,0.000000,0.000000,0.000000,0.000000,1.000000>,<4.500000>,<LipOut262>,<2>,<43062>
<45.121753,273.064212,-266.395265>,<0.777857,0.042358,0.627012,0.000000,-0.161016,0.977855,0.133694,0.000000,-0.607464,-0.204953,0.767452,0.000000,0.000000,0.000000,0.000000,1.000000>,<4.500000>,<LipOut262>,<2>,<43265>
<77.040870,-47.725304,-80.099805>,<-0.735960,0.276980,0.617774,0.000000,0.292969,-0.692334,0.659426,0.000000,0.610354,0.666300,0.428384,0.000000,0.000000,0.000000,0.000000,1.000000>,<4.500000>,<LipIn262>,<2>,<43062>
<36.583726,-74.418869,-100.465876>,<-0.901898,0.225594,-0.368357,0.000000,-0.406829,-0.730214,0.548888,0.000000,-0.145153,0.644900,0.750357,0.000000,0.000000,0.000000,0.000000,1.000000>,<4.500000>,<LipOut262>,<2>,<43169>
<65.060333,-106.201805,-248.846615>,<-0.659902,0.184172,-0.728430,0.000000,-0.022269,-0.973861,-0.226052,0.000000,-0.751021,-0.132951,0.646754,0.000000,0.000000,0.000000,0.000000,1.000000>,<4.500000>,<LipIn262>,<2>,<43002>
<-75.774067,99.632212,-38.431288>,<-0.668435,-0.252942,-0.699439,0.000000,-0.741189,0.148250,0.654721,0.000000,-0.061915,0.956055,-0.286574,0.000000,0.000000,0.000000,0.000000,1.000000>,<4.500000>,<LipIn262>,<2>,<42980>
<6.290789,30.834979,-202.752609>,<-0.801941,-0.047015,0.595550,0.000000,-0.523658,0.535126,-0.662890,0.000000,-0.287529,-0.843463,-0.453759,0.000000,0.000000,0.000000,0.000000,1.000000>,<30.000000>,<iRegularElipsoid>,<-2>,<12787>
<-33.902552,6.999058,-41.442740>,<-0.474318,-0.056175,0.878559,0.000000,0.788992,-0.469828,0.395921,0.000000,0.390531,0.880969,0.267170,0.000000,0.000000,0.000000,0.000000,1.000000>,<4.500000>,<LipOut262>,<2>,<43213>
<29.299947,-110.534566,-181.178878>,<0.872171,0.337579,-0.354059,0.000000,0.302832,-0.940974,-0.151195,0.000000,-0.384201,0.024647,-0.922921,0.000000,0.000000,0.000000,0.000000,1.000000>,<4.500000>,<LipIn262>,<2>,<42984>
<-20.416063,157.935674,-403.286855>,<0.975304,-0.100763,-0.196544,0.000000,0.220244,0.376853,0.899708,0.000000,-0.016589,-0.920776,0.389739,0.000000,0.000000,0.000000,0.000000,1.000000>,<4.500000>,<LipIn262>,<2>,<43033>
<-90.002319,95.868830,-398.234617>,<-0.624895,-0.537217,0.566484,0.000000,-0.689861,0.040251,-0.722822,0.000000,0.365511,-0.842483,-0.395758,0.000000,0.000000,0.000000,0.000000,1.000000>,<4.500000>,<LipIn262>,<2>,<43117>
<93.017862,-9.203894,-370.374544>,<-0.828192,0.422557,0.368162,0.000000,-0.542871,-0.441642,-0.714313,0.000000,-0.139243,-0.791453,0.595159,0.000000,0.000000,0.000000,0.000000,1.000000>,<4.500000>,<LipOut262>,<2>,<43073>
<90.272705,173.338345,-62.183975>,<-0.957200,0.289198,-0.011472,0.000000,0.108559,0.395491,0.912032,0.000000,0.268295,0.871752,-0.409959,0.000000,0.000000,0.000000,0.000000,1.000000>,<4.500000>,<LipIn262>,<2>,<43167>
<-93.261784,10.535764,-385.293548>,<0.181630,-0.223723,0.957580,0.000000,-0.925329,-0.368468,0.089426,0.000000,0.332831,-0.902319,-0.273942,0.000000,0.000000,0.000000,0.000000,1.000000>,<4.500000>,<LipOut262>,<2>,<43020>
<52.229772,46.788146,-31.725852>,<0.061581,0.422474,0.904281,0.000000,0.998086,-0.031268,-0.053360,0.000000,0.005732,0.905835,-0.423591,0.000000,0.000000,0.000000,0.000000,1.000000>,<4.500000>,<LipOut262>,<2>,<43165>
<81.087468,248.254509,-151.999281>,<0.144815,0.435544,0.888442,0.000000,0.396864,0.796950,-0.455380,0.000000,-0.906382,0.418536,-0.057441,0.000000,0.000000,0.000000,0.000000,1.000000>,<4.500000>,<LipIn262>,<2>,<43188>
<85.498070,-52.891763,-96.527848>,<-0.528124,0.399689,-0.749222,0.000000,-0.680515,-0.726950,0.091885,0.000000,-0.507922,0.558383,0.655914,0.000000,0.000000,0.000000,0.000000,1.000000>,<4.500000>,<LipOut262>,<2>,<43284>
