<-325.826981,566.734564,-56.286960>,<0.171727,-0.638607,-0.750127,0.000000,-0.062413,0.752856,-0.655219,0.000000,0.983165,0.159337,0.089428,0.000000,0.000000,0.000000,0.000000,1.000000>,<9.390000>,<MA_matrix_G1>,<1>,<75325>
<496.851913,302.636355,286.027059>,<0.014105,0.812106,0.583339,0.000000,0.402107,0.529537,-0.746927,0.000000,-0.915484,0.245100,-0.319085,0.000000,0.000000,0.000000,0.000000,1.000000>,<9.390000>,<MA_matrix_G1>,<1>,<77779>
<162.469818,-336.463453,-616.773593>,<0.900338,0.321796,0.292982,0.000000,-0.080548,-0.538374,0.838848,0.000000,0.427671,-0.778846,-0.458799,0.000000,0.000000,0.000000,0.000000,1.000000>,<9.390000>,<MA_matrix_G1>,<1>,<85583>
<574.348399,-20.507599,311.777707>,<0.338540,0.898441,0.279633,0.000000,0.658224,-0.013753,-0.752697,0.000000,-0.672408,0.438879,-0.596031,0.000000,0.000000,0.000000,0.000000,1.000000>,<9.390000>,<MA_matrix_G1>,<1>,<88743>
<-31.432374,234.658748,639.119423>,<0.412097,-0.114028,-0.903977,0.000000,-0.810287,0.407842,-0.420832,0.000000,0.416666,0.905904,0.075675,0.000000,0.000000,0.000000,0.000000,1.000000>,<9.390000>,<MA_matrix_G1>,<1>,<76803>
<346.527394,-247.946878,-536.105014>,<0.479416,0.627497,0.613521,0.000000,-0.558868,-0.320713,0.764728,0.000000,0.676629,-0.709500,0.196933,0.000000,0.000000,0.000000,0.000000,1.000000>,<9.390000>,<MA_matrix_G1>,<1>,<85186>
<16.962028,639.864867,-288.483292>,<-0.407777,0.111471,-0.906252,0.000000,0.397495,0.915207,-0.066285,0.000000,0.822019,-0.387260,-0.417510,0.000000,0.000000,0.000000,0.000000,1.000000>,<9.390000>,<MA_matrix_G1>,<1>,<78507>
<301.820437,175.121701,-623.565809>,<-0.815473,0.556409,0.159412,0.000000,-0.004260,0.269643,-0.962951,0.000000,-0.578779,-0.785940,-0.217517,0.000000,0.000000,0.000000,0.000000,1.000000>,<9.390000>,<MA_matrix_G1>,<1>,<79473>
<365.540680,131.135924,-580.097913>,<0.738272,0.673906,0.028374,0.000000,-0.138723,0.110538,0.984143,0.000000,0.660083,-0.730501,0.175093,0.000000,0.000000,0.000000,0.000000,1.000000>,<9.390000>,<MA_matrix_G1>,<1>,<79347>
<99.222848,-611.465499,-299.679424>,<-0.915684,0.263637,0.303346,0.000000,-0.326929,-0.927615,-0.180688,0.000000,0.233752,-0.264626,0.935592,0.000000,0.000000,0.000000,0.000000,1.000000>,<9.390000>,<MA_matrix_G1>,<1>,<84403>
<-11.734704,86.205484,683.896186>,<0.537501,-0.033960,0.842579,0.000000,0.836942,0.143598,-0.528118,0.000000,-0.103057,0.989053,0.105607,0.000000,0.000000,0.000000,0.000000,1.000000>,<9.390000>,<MA_matrix_G1>,<1>,<77042>
<77.479997,504.550888,413.719304>,<0.980548,0.134376,0.143068,0.000000,-0.023889,0.805188,-0.592538,0.000000,-0.194820,0.577594,0.792736,0.000000,0.000000,0.000000,0.000000,1.000000>,<9.390000>,<MA_matrix_G1>,<1>,<77232>
<288.297256,34.834399,-651.036463>,<-0.294741,0.545891,0.784303,0.000000,-0.936080,0.000010,-0.351786,0.000000,-0.192045,-0.837856,0.510995,0.000000,0.000000,0.000000,0.000000,1.000000>,<9.390000>,<MA_matrix_G1>,<1>,<79447>
<-96.045337,616.016230,161.499438>,<-0.149028,-0.146785,0.977878,0.000000,0.302840,0.934626,0.186445,0.000000,-0.941318,0.323925,-0.094833,0.000000,0.000000,0.000000,0.000000,1.000000>,<9.390000>,<MA_matrix_G1>,<1>,<75422>
<219.585851,-140.152287,653.545682>,<-0.198263,0.328282,0.923538,0.000000,0.907348,-0.294883,0.299607,0.000000,0.370691,0.897371,-0.239401,0.000000,0.000000,0.000000,0.000000,1.000000>,<9.390000>,<MA_matrix_G1>,<1>,<82927>
<107.764911,-572.497294,275.754177>,<0.947786,0.193954,0.253148,0.000000,0.274900,-0.899258,-0.340243,0.000000,0.161654,0.392068,-0.905622,0.000000,0.000000,0.000000,0.000000,1.000000>,<9.390000>,<MA_matrix_G1>,<1>,<84400>
<347.719396,-13.905819,-600.329114>,<-0.102897,0.647656,-0.754953,0.000000,0.969352,-0.104934,-0.222140,0.000000,-0.223090,-0.754673,-0.617009,0.000000,0.000000,0.000000,0.000000,1.000000>,<9.390000>,<MA_matrix_G1>,<1>,<85356>
<10.327709,535.819842,372.332796>,<-0.643765,0.064877,0.762468,0.000000,0.412139,0.868932,0.274041,0.000000,-0.644754,0.490661,-0.586127,0.000000,0.000000,0.000000,0.000000,1.000000>,<9.390000>,<MA_matrix_G1>,<1>,<76465>
<214.455816,506.010447,353.815407>,<0.908317,0.325750,0.262388,0.000000,-0.148744,0.837844,-0.525254,0.000000,-0.390942,0.438069,0.809482,0.000000,0.000000,0.000000,0.000000,1.000000>,<9.390000>,<MA_matrix_G1>,<1>,<77301>
<574.288421,225.283791,88.576968>,<0.186369,0.904317,-0.384027,0.000000,-0.419167,0.426703,0.801389,0.000000,0.888575,0.011618,0.458585,0.000000,0.000000,0.000000,0.000000,1.000000>,<9.390000>,<MA_matrix_G1>,<1>,<88370>
<318.890541,511.729655,-380.396383>,<0.518420,0.563691,0.643034,0.000000,-0.739908,0.672673,0.006847,0.000000,-0.428692,-0.479336,0.765807,0.000000,0.000000,0.000000,0.000000,1.000000>,<9.390000>,<MA_matrix_G1>,<1>,<79045>
<510.837704,319.867010,198.621632>,<0.197202,0.783171,0.589708,0.000000,0.257069,0.539163,-0.802009,0.000000,-0.946059,0.309753,-0.095005,0.000000,0.000000,0.000000,0.000000,1.000000>,<9.390000>,<MA_matrix_G1>,<1>,<77809>
<574.139823,180.504506,230.104837>,<0.111800,0.900416,-0.420419,0.000000,-0.732156,0.360691,0.577798,0.000000,0.671899,0.243214,0.699570,0.000000,0.000000,0.000000,0.000000,1.000000>,<9.390000>,<MA_matrix_G1>,<1>,<88469>
<-321.492309,554.845336,73.870288>,<-0.400304,-0.408149,0.820470,0.000000,-0.048220,0.903477,0.425915,0.000000,-0.915113,0.130932,-0.381346,0.000000,0.000000,0.000000,0.000000,1.000000>,<9.390000>,<MA_matrix_G1>,<1>,<75496>
<462.384233,423.188006,25.615787>,<0.406910,0.808412,0.425317,0.000000,-0.373950,0.572225,-0.729876,0.000000,-0.833418,0.137946,0.535150,0.000000,0.000000,0.000000,0.000000,1.000000>,<9.390000>,<MA_matrix_G1>,<1>,<78504>
<6.775634,338.448636,582.085410>,<-0.630458,0.057332,-0.774103,0.000000,-0.612362,0.576108,0.541398,0.000000,0.477007,0.815360,-0.328104,0.000000,0.000000,0.000000,0.000000,1.000000>,<9.390000>,<MA_matrix_G1>,<1>,<76663>
<252.191343,-66.563979,654.484604>,<0.862640,0.391228,-0.320613,0.000000,-0.308999,-0.094235,-0.946382,0.000000,-0.400464,0.915456,0.039599,0.000000,0.000000,0.000000,0.000000,1.000000>,<9.390000>,<MA_matrix_G1>,<1>,<82923>
<498.800950,-332.982739,266.689665>,<-0.562640,0.685524,0.462053,0.000000,0.060183,-0.523464,0.849920,0.000000,0.824509,0.506006,0.253265,0.000000,0.000000,0.000000,0.000000,1.000000>,<9.390000>,<MA_matrix_G1>,<1>,<83489>
<190.179006,618.148019,32.942778>,<0.920480,0.322561,-0.220613,0.000000,-0.350517,0.931078,-0.101147,0.000000,0.172782,0.170433,0.970103,0.000000,0.000000,0.000000,0.000000,1.000000>,<9.390000>,<MA_matrix_G1>,<1>,<78209>
<533.638980,37.643811,-372.648297>,<-0.557906,0.824319,-0.096119,0.000000,0.437539,0.193743,-0.878079,0.000000,-0.705195,-0.531941,-0.468762,0.000000,0.000000,0.000000,0.000000,1.000000>,<9.390000>,<MA_matrix_G1>,<1>,<89445>
<-19.080146,-539.853831,360.984822>,<0.727180,-0.021159,0.686120,0.000000,0.335000,-0.861479,-0.381614,0.000000,0.599153,0.507353,-0.619362,0.000000,0.000000,0.000000,0.000000,1.000000>,<9.390000>,<MA_matrix_G1>,<1>,<74551>
<-430.872987,420.890177,-287.363835>,<0.260030,-0.764693,0.589600,0.000000,-0.195370,0.556311,0.807681,0.000000,-0.945629,-0.325211,-0.004741,0.000000,0.000000,0.000000,0.000000,1.000000>,<9.390000>,<MA_matrix_G1>,<1>,<80528>
<143.320492,552.026494,303.471207>,<-0.985041,0.096268,0.142919,0.000000,0.146040,0.906619,0.395871,0.000000,-0.091464,0.410822,-0.907116,0.000000,0.000000,0.000000,0.000000,1.000000>,<9.390000>,<MA_matrix_G1>,<1>,<77241>
<494.698962,-221.715441,388.996156>,<-0.195643,0.825675,0.529136,0.000000,0.500152,-0.380107,0.778053,0.000000,0.843547,0.416869,-0.338597,0.000000,0.000000,0.000000,0.000000,1.000000>,<9.390000>,<MA_matrix_G1>,<1>,<83288>
<273.017032,533.257995,229.226957>,<-0.384824,0.597059,-0.703869,0.000000,0.071707,0.779631,0.622120,0.000000,0.920200,0.188934,-0.342834,0.000000,0.000000,0.000000,0.000000,1.000000>,<9.390000>,<MA_matrix_G1>,<1>,<74107>
<-260.051683,581.466833,113.868638>,<0.893096,-0.413352,-0.177539,0.000000,0.344252,0.882009,-0.321793,0.000000,0.289605,0.226274,0.930016,0.000000,0.000000,0.000000,0.000000,1.000000>,<9.390000>,<MA_matrix_G1>,<1>,<75492>
<169.162318,-513.648321,371.436278>,<0.887306,0.217301,0.406779,0.000000,0.382753,-0.839031,-0.386688,0.000000,0.257272,0.498806,-0.827650,0.000000,0.000000,0.000000,0.000000,1.000000>,<9.390000>,<MA_matrix_G1>,<1>,<83687>
<-129.872704,281.400119,609.297207>,<0.150553,-0.172185,0.973492,0.000000,0.923457,0.376040,-0.076304,0.000000,-0.352933,0.910465,0.215619,0.000000,0.000000,0.000000,0.000000,1.000000>,<9.390000>,<MA_matrix_G1>,<1>,<76734>
<-143.049079,301.370395,-633.945083>,<-0.846745,-0.500989,-0.178975,0.000000,0.024761,0.298943,-0.953950,0.000000,0.531422,-0.812184,-0.240723,0.000000,0.000000,0.000000,0.000000,1.000000>,<9.390000>,<MA_matrix_G1>,<1>,<79973>
<522.556607,333.703534,-4.499186>,<-0.303118,0.865349,0.399112,0.000000,0.352878,0.490969,-0.796509,0.000000,-0.885210,-0.100598,-0.454184,0.000000,0.000000,0.000000,0.000000,1.000000>,<9.390000>,<MA_matrix_G1>,<1>,<74163>
<-449.086588,442.888219,-139.752670>,<-0.152906,-0.831182,0.534561,0.000000,-0.286992,0.554958,0.780806,0.000000,-0.945651,-0.034025,-0.323399,0.000000,0.000000,0.000000,0.000000,1.000000>,<9.390000>,<MA_matrix_G1>,<1>,<80548>
<268.493065,256.351741,-618.121659>,<0.569932,0.466861,0.676179,0.000000,-0.820966,0.358123,0.444706,0.000000,-0.034539,-0.808572,0.587383,0.000000,0.000000,0.000000,0.000000,1.000000>,<9.390000>,<MA_matrix_G1>,<1>,<79519>
<166.375004,233.554070,619.684306>,<-0.968229,0.142905,0.205212,0.000000,0.249974,0.530632,0.809903,0.000000,0.006847,0.835469,-0.549495,0.000000,0.000000,0.000000,0.000000,1.000000>,<9.390000>,<MA_matrix_G1>,<1>,<76794>
<-87.637505,352.453970,570.905772>,<0.755270,-0.066630,-0.652018,0.000000,-0.528313,0.526856,-0.665814,0.000000,0.387883,0.847339,0.362717,0.000000,0.000000,0.000000,0.000000,1.000000>,<9.390000>,<MA_matrix_G1>,<1>,<76648>
<238.915736,582.651471,105.627158>,<-0.476279,0.450556,-0.755088,0.000000,0.033963,0.867529,0.496226,0.000000,0.878638,0.210697,-0.428488,0.000000,0.000000,0.000000,0.000000,1.000000>,<9.390000>,<MA_matrix_G1>,<1>,<78169>
<311.384950,-324.604032,-524.835871>,<-0.003557,0.613282,0.789856,0.000000,-0.824109,-0.449193,0.345064,0.000000,0.566419,-0.649700,0.507009,0.000000,0.000000,0.000000,0.000000,1.000000>,<9.390000>,<MA_matrix_G1>,<1>,<85190>
<-31.129701,-127.448642,678.316139>,<0.029541,-0.105249,0.994007,0.000000,0.988471,-0.144665,-0.044694,0.000000,0.148502,0.983867,0.099762,0.000000,0.000000,0.000000,0.000000,1.000000>,<9.390000>,<MA_matrix_G1>,<1>,<82608>
<606.413656,93.932337,188.424801>,<-0.005864,0.966739,-0.255698,0.000000,-0.755273,0.163305,0.634740,0.000000,0.655385,0.196844,0.729194,0.000000,0.000000,0.000000,0.000000,1.000000>,<9.390000>,<MA_matrix_G1>,<1>,<88520>
<-452.142678,429.169238,215.920263>,<0.564109,-0.679802,-0.468668,0.000000,0.429166,0.726302,-0.536937,0.000000,0.705406,0.101754,0.701462,0.000000,0.000000,0.000000,0.000000,1.000000>,<9.390000>,<MA_matrix_G1>,<1>,<76123>
<-631.869730,145.384276,-103.071897>,<-0.519469,-0.852429,-0.059300,0.000000,-0.709115,0.468773,-0.526696,0.000000,0.476769,-0.231551,-0.847983,0.000000,0.000000,0.000000,0.000000,1.000000>,<9.390000>,<MA_matrix_G1>,<1>,<87267>
<13.919926,-240.352427,646.293270>,<-0.999486,-0.025232,0.019758,0.000000,0.031008,-0.605746,0.795053,0.000000,-0.008092,0.795258,0.606218,0.000000,0.000000,0.000000,0.000000,1.000000>,<9.390000>,<MA_matrix_G1>,<1>,<82729>
<-181.560692,588.618729,195.507957>,<-0.606953,-0.444087,0.659087,0.000000,-0.013029,0.834762,0.550457,0.000000,-0.794631,0.325514,-0.512447,0.000000,0.000000,0.000000,0.000000,1.000000>,<9.390000>,<MA_matrix_G1>,<1>,<75553>
<-47.275226,648.745635,-232.815058>,<-0.990939,-0.133565,0.014174,0.000000,-0.131369,0.941809,-0.309416,0.000000,0.027978,-0.308474,-0.950821,0.000000,0.000000,0.000000,0.000000,1.000000>,<9.390000>,<MA_matrix_G1>,<1>,<75020>
<-98.739122,150.165053,-698.286991>,<0.300994,-0.236203,-0.923910,0.000000,0.941653,0.226661,0.248827,0.000000,0.150641,-0.944898,0.290645,0.000000,0.000000,0.000000,0.000000,1.000000>,<9.390000>,<MA_matrix_G1>,<1>,<79798>
<62.623913,604.480363,191.441656>,<-0.471153,0.031431,-0.881491,0.000000,-0.243032,0.956056,0.163989,0.000000,0.847910,0.291494,-0.442810,0.000000,0.000000,0.000000,0.000000,1.000000>,<9.390000>,<MA_matrix_G1>,<1>,<78004>
<367.113284,459.747752,269.908598>,<-0.740313,0.667833,-0.077036,0.000000,0.588041,0.698835,0.407231,0.000000,0.325798,0.256178,-0.910070,0.000000,0.000000,0.000000,0.000000,1.000000>,<9.390000>,<MA_matrix_G1>,<1>,<77463>
<-499.678877,297.630035,-311.860643>,<-0.462164,-0.786499,0.409663,0.000000,-0.868349,0.495099,-0.029108,0.000000,-0.179931,-0.369183,-0.911772,0.000000,0.000000,0.000000,0.000000,1.000000>,<9.390000>,<MA_matrix_G1>,<1>,<80744>
<412.183082,347.232330,388.677926>,<0.294479,0.641632,0.708231,0.000000,0.437318,0.568469,-0.696847,0.000000,-0.849726,0.514929,-0.113195,0.000000,0.000000,0.000000,0.000000,1.000000>,<9.390000>,<MA_matrix_G1>,<1>,<77597>
<-445.446978,-380.489404,-391.107626>,<0.794245,-0.573007,0.202083,0.000000,-0.599509,-0.684969,0.414012,0.000000,-0.098811,-0.449978,-0.887556,0.000000,0.000000,0.000000,0.000000,1.000000>,<9.390000>,<MA_matrix_G1>,<1>,<86407>
<-231.543664,440.588478,464.523475>,<-0.152336,-0.380228,-0.912261,0.000000,-0.694645,0.697782,-0.174836,0.000000,0.703037,0.607064,-0.370421,0.000000,0.000000,0.000000,0.000000,1.000000>,<9.390000>,<MA_matrix_G1>,<1>,<75863>
<-387.270657,442.242415,-347.094817>,<0.661294,-0.708354,-0.246829,0.000000,0.746690,0.590146,0.306891,0.000000,-0.071722,-0.387250,0.919181,0.000000,0.000000,0.000000,0.000000,1.000000>,<9.390000>,<MA_matrix_G1>,<1>,<80454>
<602.873878,131.682773,-114.351170>,<0.045477,0.934909,0.351962,0.000000,-0.395134,0.340428,-0.853216,0.000000,-0.917497,-0.100270,0.384896,0.000000,0.000000,0.000000,0.000000,1.000000>,<9.390000>,<MA_matrix_G1>,<1>,<89190>
<518.101655,-365.443015,-274.696023>,<-0.632002,0.714873,0.299217,0.000000,-0.754224,-0.478657,-0.449481,0.000000,-0.178100,-0.509750,0.841686,0.000000,0.000000,0.000000,0.000000,1.000000>,<9.390000>,<MA_matrix_G1>,<1>,<84757>
<-568.376423,200.061463,399.464767>,<0.579051,-0.795701,0.177650,0.000000,0.751414,0.436311,-0.494986,0.000000,0.316350,0.420111,0.850547,0.000000,0.000000,0.000000,0.000000,1.000000>,<9.390000>,<MA_matrix_G1>,<1>,<73989>
<224.267445,463.725572,415.538445>,<0.196078,0.338171,-0.920431,0.000000,-0.682065,0.721419,0.119754,0.000000,0.704514,0.604313,0.372109,0.000000,0.000000,0.000000,0.000000,1.000000>,<9.390000>,<MA_matrix_G1>,<1>,<77334>
<-557.028215,146.419619,-346.281241>,<0.285359,-0.850578,-0.441688,0.000000,0.927195,0.361675,-0.097466,0.000000,0.242650,-0.381718,0.891859,0.000000,0.000000,0.000000,0.000000,1.000000>,<9.390000>,<MA_matrix_G1>,<1>,<87484>
<-479.519270,130.132555,-479.272811>,<-0.248963,-0.664123,0.704952,0.000000,-0.941065,0.337938,-0.013984,0.000000,-0.228943,-0.666887,-0.709117,0.000000,0.000000,0.000000,0.000000,1.000000>,<9.390000>,<MA_matrix_G1>,<1>,<80899>
<487.114276,30.362434,-445.003817>,<0.259116,0.861568,-0.436532,0.000000,0.907698,-0.062769,0.414904,0.000000,0.330067,-0.503747,-0.798308,0.000000,0.000000,0.000000,0.000000,1.000000>,<9.390000>,<MA_matrix_G1>,<1>,<89530>
<432.393345,68.562026,522.940123>,<0.372299,0.700701,-0.608614,0.000000,-0.903534,0.123718,-0.410269,0.000000,-0.212179,0.702646,0.679167,0.000000,0.000000,0.000000,0.000000,1.000000>,<9.390000>,<MA_matrix_G1>,<1>,<74130>
<617.966682,-215.641334,-206.815339>,<-0.326333,0.926859,-0.185578,0.000000,-0.123749,-0.236527,-0.963712,0.000000,-0.937119,-0.291526,0.191885,0.000000,0.000000,0.000000,0.000000,1.000000>,<9.390000>,<MA_matrix_G1>,<1>,<89679>
<-366.798595,489.626380,244.997587>,<0.712757,-0.518607,-0.472254,0.000000,0.236564,0.811582,-0.534202,0.000000,0.660314,0.269038,0.701145,0.000000,0.000000,0.000000,0.000000,1.000000>,<9.390000>,<MA_matrix_G1>,<1>,<75972>
<533.630967,-271.184414,269.937674>,<0.033841,0.798356,-0.601233,0.000000,-0.621447,-0.454331,-0.638269,0.000000,-0.782725,0.395234,0.480761,0.000000,0.000000,0.000000,0.000000,1.000000>,<9.390000>,<MA_matrix_G1>,<1>,<83410>
<-478.869386,406.045464,-107.124615>,<0.055838,-0.728951,0.682285,0.000000,-0.031616,0.681717,0.730932,0.000000,-0.997939,-0.062385,0.015019,0.000000,0.000000,0.000000,0.000000,1.000000>,<9.390000>,<MA_matrix_G1>,<1>,<80635>
<515.574837,226.752311,341.870023>,<-0.553270,0.784119,-0.281157,0.000000,0.244733,0.475637,0.844911,0.000000,0.796240,0.398656,-0.455056,0.000000,0.000000,0.000000,0.000000,1.000000>,<9.390000>,<MA_matrix_G1>,<1>,<77889>
<-230.312377,341.659309,548.470853>,<-0.322943,-0.364400,0.873453,0.000000,0.742903,0.474175,0.472498,0.000000,-0.586347,0.801481,0.117582,0.000000,0.000000,0.000000,0.000000,1.000000>,<9.390000>,<MA_matrix_G1>,<1>,<75913>
<524.051595,242.962051,-300.803207>,<0.043514,0.886290,0.461081,0.000000,-0.712255,0.351154,-0.607769,0.000000,-0.700571,-0.301961,0.646545,0.000000,0.000000,0.000000,0.000000,1.000000>,<9.390000>,<MA_matrix_G1>,<1>,<78856>
<306.743667,490.510759,289.113417>,<0.326191,0.550013,-0.768821,0.000000,-0.521075,0.783204,0.339223,0.000000,0.788720,0.289962,0.542072,0.000000,0.000000,0.000000,0.000000,1.000000>,<9.390000>,<MA_matrix_G1>,<1>,<77380>
<50.743473,450.107344,488.924710>,<-0.094447,0.109902,-0.989445,0.000000,-0.743019,0.653698,0.143534,0.000000,0.662573,0.748733,0.019920,0.000000,0.000000,0.000000,0.000000,1.000000>,<9.390000>,<MA_matrix_G1>,<1>,<76533>
<597.722457,41.124722,-239.104595>,<-0.102593,0.930977,-0.350366,0.000000,0.982225,0.150471,0.112213,0.000000,0.157187,-0.332626,-0.929867,0.000000,0.000000,0.000000,0.000000,1.000000>,<9.390000>,<MA_matrix_G1>,<1>,<89347>
<-565.857350,305.826582,123.111381>,<-0.390897,-0.823737,-0.410679,0.000000,-0.481307,0.563248,-0.671636,0.000000,0.784566,-0.064878,-0.616642,0.000000,0.000000,0.000000,0.000000,1.000000>,<9.390000>,<MA_matrix_G1>,<1>,<73975>
<-341.780713,203.845061,-572.801333>,<-0.770399,-0.593610,0.232621,0.000000,-0.513061,0.360620,-0.778923,0.000000,0.378489,-0.719431,-0.582379,0.000000,0.000000,0.000000,0.000000,1.000000>,<9.390000>,<MA_matrix_G1>,<1>,<80601>
<-525.552323,293.230023,-245.160111>,<0.198164,-0.858008,0.473871,0.000000,-0.330688,0.396589,0.856366,0.000000,-0.922701,-0.326404,-0.205143,0.000000,0.000000,0.000000,0.000000,1.000000>,<9.390000>,<MA_matrix_G1>,<1>,<80811>
<455.072160,341.911376,-373.963600>,<-0.117486,0.756815,0.642983,0.000000,-0.725310,0.376861,-0.576109,0.000000,-0.678324,-0.534047,0.504650,0.000000,0.000000,0.000000,0.000000,1.000000>,<9.390000>,<MA_matrix_G1>,<1>,<78954>
<-49.420386,653.623611,10.085616>,<0.954942,-0.080619,0.285633,0.000000,0.114938,0.987757,-0.105474,0.000000,-0.273632,0.133551,0.952517,0.000000,0.000000,0.000000,0.000000,1.000000>,<9.390000>,<MA_matrix_G1>,<1>,<75194>
<-291.034335,205.199924,598.477084>,<0.795664,-0.332518,0.506310,0.000000,0.601721,0.337783,-0.723764,0.000000,0.069641,0.880531,0.468845,0.000000,0.000000,0.000000,0.000000,1.000000>,<9.390000>,<MA_matrix_G1>,<1>,<73940>
<152.595573,318.994206,-639.459295>,<0.515934,0.166236,0.840344,0.000000,-0.775920,0.506373,0.376211,0.000000,-0.362988,-0.846139,0.390241,0.000000,0.000000,0.000000,0.000000,1.000000>,<9.390000>,<MA_matrix_G1>,<1>,<79642>
<-178.820751,465.898705,-508.886930>,<0.474457,-0.343561,-0.810467,0.000000,0.748927,0.641383,0.166546,0.000000,0.462600,-0.685999,0.561610,0.000000,0.000000,0.000000,0.000000,1.000000>,<9.390000>,<MA_matrix_G1>,<1>,<80272>
<431.249125,299.033490,-447.117698>,<0.313430,0.807404,-0.499860,0.000000,0.667901,0.186745,0.720440,0.000000,0.675033,-0.559665,-0.480734,0.000000,0.000000,0.000000,0.000000,1.000000>,<9.390000>,<MA_matrix_G1>,<1>,<79056>
<396.768990,-508.890713,122.006562>,<0.808555,0.493536,0.320407,0.000000,0.576076,-0.774896,-0.260140,0.000000,0.119894,0.394916,-0.910860,0.000000,0.000000,0.000000,0.000000,1.000000>,<9.390000>,<MA_matrix_G1>,<1>,<83992>
<-231.298712,504.677335,374.128508>,<-0.910614,-0.355812,-0.210189,0.000000,-0.398576,0.890543,0.219247,0.000000,0.109171,0.283426,-0.952760,0.000000,0.000000,0.000000,0.000000,1.000000>,<9.390000>,<MA_matrix_G1>,<1>,<75836>
<-278.037180,596.313155,-110.938353>,<-0.310909,-0.578952,0.753758,0.000000,-0.209320,0.815299,0.539881,0.000000,-0.927103,0.010077,-0.374670,0.000000,0.000000,0.000000,0.000000,1.000000>,<9.390000>,<MA_matrix_G1>,<1>,<75228>
<-38.912854,411.136750,529.402144>,<-0.809870,0.050731,0.584412,0.000000,0.427544,0.733168,0.528839,0.000000,-0.401644,0.678152,-0.615461,0.000000,0.000000,0.000000,0.000000,1.000000>,<9.390000>,<MA_matrix_G1>,<1>,<76578>
<535.382148,-246.875710,-332.211190>,<0.482170,0.754401,-0.445412,0.000000,0.863837,-0.324709,0.385161,0.000000,0.145937,-0.570476,-0.808245,0.000000,0.000000,0.000000,0.000000,1.000000>,<9.390000>,<MA_matrix_G1>,<1>,<84787>
<-150.813975,-33.406891,672.185851>,<0.893149,-0.193126,-0.406185,0.000000,-0.429840,-0.100737,-0.897268,0.000000,0.132368,0.975989,-0.172986,0.000000,0.000000,0.000000,0.000000,1.000000>,<9.390000>,<MA_matrix_G1>,<1>,<82471>
<250.489305,-233.197368,616.903594>,<0.889321,0.363195,-0.277845,0.000000,-0.136755,-0.368555,-0.919492,0.000000,-0.436356,0.855720,-0.278095,0.000000,0.000000,0.000000,0.000000,1.000000>,<9.390000>,<MA_matrix_G1>,<1>,<83070>
<139.791185,510.726800,385.956989>,<0.948809,0.205292,0.240034,0.000000,-0.030274,0.815574,-0.577860,0.000000,-0.314396,0.541012,0.780039,0.000000,0.000000,0.000000,0.000000,1.000000>,<9.390000>,<MA_matrix_G1>,<1>,<77255>
<459.732336,437.500756,-201.945409>,<0.001942,0.874239,0.485491,0.000000,-0.117963,0.482303,-0.868026,0.000000,-0.993016,-0.055584,0.104065,0.000000,0.000000,0.000000,0.000000,1.000000>,<9.390000>,<MA_matrix_G1>,<1>,<78796>
<642.240706,-216.136215,-49.451451>,<-0.211835,0.975653,0.056808,0.000000,-0.875545,-0.215283,0.432520,0.000000,0.434219,0.041885,0.899833,0.000000,0.000000,0.000000,0.000000,1.000000>,<9.390000>,<MA_matrix_G1>,<1>,<89554>
<249.734592,-299.757645,-589.205328>,<0.740598,0.526738,-0.417208,0.000000,0.655780,-0.431197,0.619695,0.000000,0.146518,-0.732541,-0.664768,0.000000,0.000000,0.000000,0.000000,1.000000>,<9.390000>,<MA_matrix_G1>,<1>,<74803>
<484.847774,407.101475,-125.341748>,<0.359457,0.881294,0.306778,0.000000,-0.640360,0.472088,-0.605865,0.000000,-0.678771,0.021334,0.734040,0.000000,0.000000,0.000000,0.000000,1.000000>,<9.390000>,<MA_matrix_G1>,<1>,<78734>
<-244.017794,610.636256,-23.581068>,<-0.371999,-0.538333,-0.756184,0.000000,-0.286699,0.841453,-0.457997,0.000000,0.882848,0.046423,-0.467359,0.000000,0.000000,0.000000,0.000000,1.000000>,<9.390000>,<MA_matrix_G1>,<1>,<75295>
<-612.521424,198.542779,-63.056209>,<0.227451,-0.919762,0.319850,0.000000,0.317727,0.380579,0.868452,0.000000,-0.920497,-0.095906,0.378796,0.000000,0.000000,0.000000,0.000000,1.000000>,<9.390000>,<MA_matrix_G1>,<1>,<87330>
<66.495452,256.499560,626.243782>,<-0.934519,-0.004185,0.355889,0.000000,0.324451,0.401027,0.856685,0.000000,-0.146306,0.916057,-0.373410,0.000000,0.000000,0.000000,0.000000,1.000000>,<9.390000>,<MA_matrix_G1>,<1>,<76773>
<499.551844,330.256442,-285.580967>,<-0.246315,0.921792,0.299379,0.000000,0.072170,0.325483,-0.942790,0.000000,-0.966499,-0.210617,-0.146697,0.000000,0.000000,0.000000,0.000000,1.000000>,<9.390000>,<MA_matrix_G1>,<1>,<78852>
<596.959658,175.952479,16.238612>,<0.355640,0.927586,-0.114471,0.000000,-0.884230,0.373606,0.280277,0.000000,0.302748,0.001541,0.953069,0.000000,0.000000,0.000000,0.000000,1.000000>,<9.390000>,<MA_matrix_G1>,<1>,<88365>
<636.388756,-57.985751,-158.344353>,<0.011900,0.964350,0.264363,0.000000,-0.968644,0.076733,-0.236306,0.000000,-0.248167,-0.253261,0.935025,0.000000,0.000000,0.000000,0.000000,1.000000>,<9.390000>,<MA_matrix_G1>,<1>,<89403>
<-233.871741,519.133968,-409.125593>,<-0.364854,-0.313125,0.876832,0.000000,-0.613005,0.789621,0.026907,0.000000,-0.700790,-0.527685,-0.480043,0.000000,0.000000,0.000000,0.000000,1.000000>,<9.390000>,<MA_matrix_G1>,<1>,<80281>
<650.490773,-141.367846,-4.004675>,<0.189179,0.964706,-0.183178,0.000000,0.827528,-0.257051,-0.499122,0.000000,-0.528592,-0.057162,-0.846949,0.000000,0.000000,0.000000,0.000000,1.000000>,<9.390000>,<MA_matrix_G1>,<1>,<74969>
<-513.126626,372.186578,17.575479>,<0.346219,-0.789758,-0.506373,0.000000,0.467085,0.613210,-0.637028,0.000000,0.813612,-0.015968,0.581190,0.000000,0.000000,0.000000,0.000000,1.000000>,<9.390000>,<MA_matrix_G1>,<1>,<75720>
<282.139702,-552.058617,182.183057>,<-0.826841,0.369269,-0.424234,0.000000,-0.426544,-0.903345,0.045039,0.000000,-0.366599,0.218195,0.904432,0.000000,0.000000,0.000000,0.000000,1.000000>,<9.390000>,<MA_matrix_G1>,<1>,<84124>
<336.374629,-174.781189,589.297926>,<0.052493,0.539913,-0.840083,0.000000,-0.949971,-0.232374,-0.208704,0.000000,-0.307895,0.809010,0.500703,0.000000,0.000000,0.000000,0.000000,1.000000>,<9.390000>,<MA_matrix_G1>,<1>,<83186>
<344.034634,524.685992,110.562740>,<-0.835910,0.548785,-0.009486,0.000000,0.540166,0.825602,0.163100,0.000000,0.097339,0.131213,-0.986564,0.000000,0.000000,0.000000,0.000000,1.000000>,<9.390000>,<MA_matrix_G1>,<1>,<78242>
<459.010225,82.479431,-478.342630>,<-0.414181,0.803130,0.428294,0.000000,-0.711650,0.007622,-0.702493,0.000000,-0.567458,-0.595755,0.568390,0.000000,0.000000,0.000000,0.000000,1.000000>,<9.390000>,<MA_matrix_G1>,<1>,<89496>
<38.660111,332.724430,-650.016163>,<0.006389,-0.068847,0.997607,0.000000,-0.915303,0.401366,0.033561,0.000000,-0.402716,-0.913327,-0.060452,0.000000,0.000000,0.000000,0.000000,1.000000>,<9.390000>,<MA_matrix_G1>,<1>,<79762>
<449.153815,-379.524126,298.545387>,<0.639058,0.661370,-0.392676,0.000000,0.239531,-0.656265,-0.715501,0.000000,-0.730910,0.363189,-0.577810,0.000000,0.000000,0.000000,0.000000,1.000000>,<9.390000>,<MA_matrix_G1>,<1>,<83520>
<377.796656,233.291425,514.022824>,<-0.713081,0.621691,-0.324062,0.000000,-0.155360,0.310614,0.937754,0.000000,0.683651,0.719041,-0.124907,0.000000,0.000000,0.000000,0.000000,1.000000>,<9.390000>,<MA_matrix_G1>,<1>,<77663>
<-470.554949,424.026966,87.580257>,<-0.770112,-0.627377,-0.115437,0.000000,-0.595489,0.771919,-0.222559,0.000000,0.228737,-0.102654,-0.968061,0.000000,0.000000,0.000000,0.000000,1.000000>,<9.390000>,<MA_matrix_G1>,<1>,<73859>
<619.296162,101.502460,64.347902>,<-0.281349,0.951518,-0.124322,0.000000,0.822330,0.305843,0.479826,0.000000,0.494586,0.032765,-0.868511,0.000000,0.000000,0.000000,0.000000,1.000000>,<9.390000>,<MA_matrix_G1>,<1>,<88443>
<554.443700,65.211244,347.066464>,<-0.432684,0.854527,-0.287347,0.000000,-0.367875,0.123636,0.921619,0.000000,0.823075,0.504478,0.260864,0.000000,0.000000,0.000000,0.000000,1.000000>,<9.390000>,<MA_matrix_G1>,<1>,<88664>
<623.129302,9.192191,154.997742>,<-0.187248,0.982118,-0.019532,0.000000,0.419289,0.097890,0.902560,0.000000,0.888333,0.160813,-0.430121,0.000000,0.000000,0.000000,0.000000,1.000000>,<9.390000>,<MA_matrix_G1>,<1>,<88581>
<356.739060,397.396914,397.659126>,<0.717792,0.589939,0.369792,0.000000,-0.050896,0.574151,-0.817166,0.000000,-0.694395,0.567735,0.442147,0.000000,0.000000,0.000000,0.000000,1.000000>,<9.390000>,<MA_matrix_G1>,<1>,<77493>
<378.978559,419.907247,-421.076385>,<0.055789,0.670885,0.739460,0.000000,-0.770584,0.499875,-0.395380,0.000000,-0.634892,-0.547758,0.544860,0.000000,0.000000,0.000000,0.000000,1.000000>,<9.390000>,<MA_matrix_G1>,<1>,<79050>
<-414.978437,-81.094792,-561.627087>,<-0.323788,-0.616416,0.717769,0.000000,-0.892937,-0.051696,-0.447203,0.000000,0.312769,-0.785721,-0.533683,0.000000,0.000000,0.000000,0.000000,1.000000>,<9.390000>,<MA_matrix_G1>,<1>,<86113>
<472.571377,-395.436511,229.899760>,<-0.327328,0.793189,0.513525,0.000000,0.252796,-0.450144,0.856425,0.000000,0.910467,0.410149,-0.053170,0.000000,0.000000,0.000000,0.000000,1.000000>,<9.390000>,<MA_matrix_G1>,<1>,<83606>
<569.109818,-282.243779,176.436640>,<-0.485887,0.874016,-0.003102,0.000000,-0.660148,-0.364662,0.656678,0.000000,0.572816,0.321119,0.754165,0.000000,0.000000,0.000000,0.000000,1.000000>,<9.390000>,<MA_matrix_G1>,<1>,<74659>
<257.210303,49.860985,646.045362>,<-0.491116,0.339865,0.802058,0.000000,0.870273,0.151463,0.468705,0.000000,0.037814,0.928198,-0.370161,0.000000,0.000000,0.000000,0.000000,1.000000>,<9.390000>,<MA_matrix_G1>,<1>,<77099>
<543.716133,-166.684086,332.669130>,<0.490567,0.869947,-0.050368,0.000000,0.635193,-0.396562,-0.662774,0.000000,-0.596552,0.293141,-0.747124,0.000000,0.000000,0.000000,0.000000,1.000000>,<9.390000>,<MA_matrix_G1>,<1>,<89005>
<555.851695,168.869329,300.958493>,<0.215596,0.877572,-0.428235,0.000000,-0.966474,0.254401,0.034765,0.000000,0.139452,0.406383,0.902999,0.000000,0.000000,0.000000,0.000000,1.000000>,<9.390000>,<MA_matrix_G1>,<1>,<88527>
<352.797917,-467.459351,304.703882>,<-0.857585,0.503827,-0.103472,0.000000,-0.493247,-0.748576,0.443105,0.000000,0.145791,0.431037,0.890478,0.000000,0.000000,0.000000,0.000000,1.000000>,<9.390000>,<MA_matrix_G1>,<1>,<83645>
<545.319866,-336.919461,156.827200>,<0.503114,0.842018,0.194634,0.000000,0.827992,-0.405115,-0.387700,0.000000,-0.247601,0.356213,-0.901003,0.000000,0.000000,0.000000,0.000000,1.000000>,<9.390000>,<MA_matrix_G1>,<1>,<83600>
<112.454219,586.326129,226.532781>,<0.211934,0.243211,0.946537,0.000000,0.232647,0.928139,-0.290575,0.000000,-0.949189,0.281792,0.140122,0.000000,0.000000,0.000000,0.000000,1.000000>,<9.390000>,<MA_matrix_G1>,<1>,<78007>
<0.318180,151.854534,-714.775965>,<-0.983157,-0.117772,0.139759,0.000000,-0.168356,0.285996,-0.943325,0.000000,0.071127,-0.950966,-0.301006,0.000000,0.000000,0.000000,0.000000,1.000000>,<9.390000>,<MA_matrix_G1>,<1>,<79696>
<-404.618784,230.068844,-513.819441>,<0.348968,-0.582494,0.734113,0.000000,-0.793149,0.233650,0.562425,0.000000,-0.499135,-0.778530,-0.380468,0.000000,0.000000,0.000000,0.000000,1.000000>,<9.390000>,<MA_matrix_G1>,<1>,<80657>
<441.086688,462.710923,-57.491298>,<0.062646,0.809621,-0.583600,0.000000,-0.155328,0.585533,0.795628,0.000000,0.985875,0.040807,0.162438,0.000000,0.000000,0.000000,0.000000,1.000000>,<9.390000>,<MA_matrix_G1>,<1>,<78603>
<123.054083,644.785839,-14.532582>,<0.662007,0.197703,-0.722952,0.000000,-0.269366,0.962894,0.016660,0.000000,0.699420,0.183709,0.690697,0.000000,0.000000,0.000000,0.000000,1.000000>,<9.390000>,<MA_matrix_G1>,<1>,<78205>
<216.467903,-126.323262,-675.733958>,<-0.297662,0.340896,0.891733,0.000000,-0.947238,-0.221800,-0.231399,0.000000,0.118903,-0.913562,0.388931,0.000000,0.000000,0.000000,0.000000,1.000000>,<9.390000>,<MA_matrix_G1>,<1>,<85440>
<-17.260443,629.935290,127.267873>,<-0.969900,-0.030486,0.241587,0.000000,0.037843,0.961207,0.273222,0.000000,-0.240544,0.274140,-0.931121,0.000000,0.000000,0.000000,0.000000,1.000000>,<9.390000>,<MA_matrix_G1>,<1>,<75307>
<57.395044,96.378799,-725.380201>,<0.978820,-0.005312,0.204656,0.000000,-0.200641,0.173763,0.964131,0.000000,-0.040683,-0.984773,0.169017,0.000000,0.000000,0.000000,0.000000,1.000000>,<9.390000>,<MA_matrix_G1>,<1>,<79613>
<259.594891,281.700991,562.865809>,<-0.755028,0.374752,-0.538046,0.000000,-0.412964,0.365598,0.834145,0.000000,0.509306,0.851997,-0.121278,0.000000,0.000000,0.000000,0.000000,1.000000>,<9.390000>,<MA_matrix_G1>,<1>,<77480>
<498.162269,369.072243,-226.237344>,<0.290400,0.893868,0.341567,0.000000,-0.849832,0.404985,-0.337303,0.000000,-0.439833,-0.192321,0.877245,0.000000,0.000000,0.000000,0.000000,1.000000>,<9.390000>,<MA_matrix_G1>,<1>,<78800>
<367.992937,-22.933340,587.930861>,<0.765311,0.612334,-0.198356,0.000000,-0.241635,-0.012308,-0.970289,0.000000,-0.596583,0.790503,0.138542,0.000000,0.000000,0.000000,0.000000,1.000000>,<9.390000>,<MA_matrix_G1>,<1>,<83133>
<248.483125,509.047105,-451.382943>,<-0.626433,0.515536,0.584640,0.000000,-0.238198,0.587554,-0.773331,0.000000,-0.742188,-0.623701,-0.245264,0.000000,0.000000,0.000000,0.000000,1.000000>,<9.390000>,<MA_matrix_G1>,<1>,<79192>
<325.035906,-114.354067,-602.757356>,<0.791966,0.610002,-0.026223,0.000000,0.220428,-0.245601,0.943977,0.000000,0.569387,-0.753378,-0.328969,0.000000,0.000000,0.000000,0.000000,1.000000>,<9.390000>,<MA_matrix_G1>,<1>,<74793>
<263.375947,322.783968,-590.318962>,<-0.514623,0.507754,-0.690904,0.000000,0.855441,0.249385,-0.453903,0.000000,-0.058170,-0.824617,-0.562693,0.000000,0.000000,0.000000,0.000000,1.000000>,<9.390000>,<MA_matrix_G1>,<1>,<79411>
<-205.975217,-151.792066,-672.674910>,<0.425768,-0.376519,0.822773,0.000000,-0.899160,-0.074395,0.431251,0.000000,-0.101164,-0.923417,-0.370225,0.000000,0.000000,0.000000,0.000000,1.000000>,<9.390000>,<MA_matrix_G1>,<1>,<85859>
<-87.902694,516.249940,-493.215170>,<-0.238665,-0.158668,-0.958052,0.000000,0.468098,0.845585,-0.256652,0.000000,0.850837,-0.509716,-0.127540,0.000000,0.000000,0.000000,0.000000,1.000000>,<9.390000>,<MA_matrix_G1>,<1>,<80139>
<135.687571,142.692804,663.268943>,<0.149289,0.248150,0.957149,0.000000,0.937556,0.272036,-0.216761,0.000000,-0.314168,0.929741,-0.192043,0.000000,0.000000,0.000000,0.000000,1.000000>,<9.390000>,<MA_matrix_G1>,<1>,<76938>
<-330.002595,-276.866639,530.912340>,<0.125290,-0.280879,0.951530,0.000000,0.781976,-0.562299,-0.268948,0.000000,0.610586,0.777770,0.149190,0.000000,0.000000,0.000000,0.000000,1.000000>,<9.390000>,<MA_matrix_G1>,<1>,<81791>
<423.051050,-327.659240,-418.653640>,<0.173968,0.568219,-0.804277,0.000000,0.782486,-0.575626,-0.237424,0.000000,-0.597872,-0.588031,-0.544764,0.000000,0.000000,0.000000,0.000000,1.000000>,<9.390000>,<MA_matrix_G1>,<1>,<84949>
<-352.765066,-62.262070,606.749878>,<-0.328185,-0.554182,-0.764969,0.000000,-0.870470,-0.137073,0.472750,0.000000,-0.366846,0.821032,-0.437413,0.000000,0.000000,0.000000,0.000000,1.000000>,<9.390000>,<MA_matrix_G1>,<1>,<74517>
<278.257650,186.695645,600.119257>,<-0.708580,0.427680,-0.561252,0.000000,-0.405630,0.403958,0.819928,0.000000,0.577389,0.808646,-0.112756,0.000000,0.000000,0.000000,0.000000,1.000000>,<9.390000>,<MA_matrix_G1>,<1>,<76842>
<31.610131,657.419370,-20.154308>,<0.995731,0.092101,-0.006138,0.000000,-0.092167,0.988395,-0.120746,0.000000,-0.005054,0.120797,0.992664,0.000000,0.000000,0.000000,0.000000,1.000000>,<9.390000>,<MA_matrix_G1>,<1>,<78157>
<314.657496,577.045547,-217.714844>,<-0.649348,0.581049,0.490642,0.000000,0.364329,0.803991,-0.469961,0.000000,-0.667542,-0.126413,-0.733763,0.000000,0.000000,0.000000,0.000000,1.000000>,<9.390000>,<MA_matrix_G1>,<1>,<78666>
<-176.641023,102.216284,660.828127>,<-0.025608,-0.139541,-0.989885,0.000000,-0.999643,-0.003987,0.026423,0.000000,-0.007633,0.990208,-0.139389,0.000000,0.000000,0.000000,0.000000,1.000000>,<9.390000>,<MA_matrix_G1>,<1>,<77016>
<301.927755,411.588149,-509.211889>,<0.740227,0.513288,0.434279,0.000000,-0.669157,0.499477,0.550229,0.000000,0.065514,-0.697896,0.713197,0.000000,0.000000,0.000000,0.000000,1.000000>,<9.390000>,<MA_matrix_G1>,<1>,<79230>
<84.524631,348.231670,568.145819>,<0.664489,0.095569,-0.741162,0.000000,-0.630233,0.604621,-0.487073,0.000000,0.401573,0.790759,0.461994,0.000000,0.000000,0.000000,0.000000,1.000000>,<9.390000>,<MA_matrix_G1>,<1>,<76640>
<610.013159,-82.645981,206.759771>,<0.213724,0.947219,0.238950,0.000000,0.938085,-0.267258,0.220386,0.000000,0.272615,0.177054,-0.945692,0.000000,0.000000,0.000000,0.000000,1.000000>,<9.390000>,<MA_matrix_G1>,<1>,<88737>
<406.662021,-44.380043,-536.826468>,<0.691306,0.715604,0.100038,0.000000,-0.061183,-0.079979,0.994917,0.000000,0.719968,-0.693912,-0.011507,0.000000,0.000000,0.000000,0.000000,1.000000>,<9.390000>,<MA_matrix_G1>,<1>,<74782>
<366.659878,478.997736,-366.406868>,<0.767485,0.641047,-0.005059,0.000000,-0.519358,0.626382,0.581303,0.000000,0.375812,-0.443513,0.813672,0.000000,0.000000,0.000000,0.000000,1.000000>,<9.390000>,<MA_matrix_G1>,<1>,<78995>
<424.477537,-1.144778,540.969106>,<-0.700382,0.704904,-0.112135,0.000000,-0.090568,0.068068,0.993561,0.000000,0.707999,0.706029,0.016168,0.000000,0.000000,0.000000,0.000000,1.000000>,<9.390000>,<MA_matrix_G1>,<1>,<88983>
<312.856510,79.968997,615.714980>,<-0.877453,0.386246,0.284413,0.000000,0.375234,0.183379,0.908610,0.000000,0.298792,0.903983,-0.305839,0.000000,0.000000,0.000000,0.000000,1.000000>,<9.390000>,<MA_matrix_G1>,<1>,<77026>
<489.413548,111.211454,447.003515>,<-0.321696,0.842118,0.432839,0.000000,0.875683,0.090742,0.474284,0.000000,0.360127,0.531605,-0.766619,0.000000,0.000000,0.000000,0.000000,1.000000>,<9.390000>,<MA_matrix_G1>,<1>,<88697>
<192.000634,-613.886652,51.571159>,<-0.932461,0.256801,-0.254107,0.000000,-0.294976,-0.947279,0.125110,0.000000,-0.208581,0.191616,0.959050,0.000000,0.000000,0.000000,0.000000,1.000000>,<9.390000>,<MA_matrix_G1>,<1>,<84268>
<-306.671974,567.506756,-192.096463>,<0.716038,-0.589455,-0.373942,0.000000,0.572638,0.802354,-0.168266,0.000000,0.399220,-0.093649,0.912060,0.000000,0.000000,0.000000,0.000000,1.000000>,<9.390000>,<MA_matrix_G1>,<1>,<75170>
<281.212840,602.032403,-109.126260>,<-0.821370,0.552982,-0.139862,0.000000,0.542550,0.833099,0.107640,0.000000,0.176042,0.012530,-0.984303,0.000000,0.000000,0.000000,0.000000,1.000000>,<9.390000>,<MA_matrix_G1>,<1>,<78457>
<-114.020913,-501.632125,398.859411>,<-0.815483,-0.272220,0.510767,0.000000,0.463447,-0.835753,0.294507,0.000000,0.346704,0.476879,0.807702,0.000000,0.000000,0.000000,0.000000,1.000000>,<9.390000>,<MA_matrix_G1>,<1>,<82149>
<-118.582164,-268.931125,-671.059351>,<0.968535,-0.236731,0.076803,0.000000,-0.171802,-0.412677,0.894529,0.000000,-0.180068,-0.879577,-0.440363,0.000000,0.000000,0.000000,0.000000,1.000000>,<9.390000>,<MA_matrix_G1>,<1>,<85834>
<275.078851,-581.674994,-253.657087>,<-0.457823,0.281422,0.843326,0.000000,-0.436379,-0.897581,0.062627,0.000000,0.774578,-0.339338,0.533740,0.000000,0.000000,0.000000,0.000000,1.000000>,<9.390000>,<MA_matrix_G1>,<1>,<74732>
<-72.310489,574.362792,286.109277>,<-0.382911,-0.165280,0.908880,0.000000,0.274972,0.918876,0.282943,0.000000,-0.881912,0.358259,-0.306400,0.000000,0.000000,0.000000,0.000000,1.000000>,<9.390000>,<MA_matrix_G1>,<1>,<75652>
<492.579504,220.246445,-386.774738>,<0.215125,0.843440,-0.492271,0.000000,0.639020,0.259607,0.724057,0.000000,0.738495,-0.470333,-0.483127,0.000000,0.000000,0.000000,0.000000,1.000000>,<9.390000>,<MA_matrix_G1>,<1>,<78960>
<-413.117601,233.264665,528.917765>,<-0.733110,-0.484138,-0.477661,0.000000,-0.679875,0.540151,0.495990,0.000000,0.017882,0.688365,-0.725144,0.000000,0.000000,0.000000,0.000000,1.000000>,<9.390000>,<MA_matrix_G1>,<1>,<76195>
<351.888617,537.766963,8.421417>,<-0.711661,0.628593,-0.313704,0.000000,0.438391,0.746286,0.500869,0.000000,0.548955,0.218924,-0.806672,0.000000,0.000000,0.000000,0.000000,1.000000>,<9.390000>,<MA_matrix_G1>,<1>,<78372>
<460.528900,-462.082918,112.103963>,<-0.001812,0.639669,-0.768648,0.000000,-0.322075,-0.728065,-0.605136,0.000000,-0.946712,0.246466,0.207341,0.000000,0.000000,0.000000,0.000000,1.000000>,<9.390000>,<MA_matrix_G1>,<1>,<74680>
<550.301205,251.820962,190.782840>,<0.288581,0.869201,0.401511,0.000000,-0.077085,0.439083,-0.895134,0.000000,-0.954347,0.227369,0.193713,0.000000,0.000000,0.000000,0.000000,1.000000>,<9.390000>,<MA_matrix_G1>,<1>,<88397>
<295.800971,571.406022,30.334889>,<0.270101,0.508531,0.817583,0.000000,0.055182,0.839572,-0.540438,0.000000,-0.961249,0.191089,0.198708,0.000000,0.000000,0.000000,0.000000,1.000000>,<9.390000>,<MA_matrix_G1>,<1>,<78287>
<220.300293,-430.435490,-513.751844>,<-0.072974,0.409555,0.909362,0.000000,-0.704079,-0.666934,0.243870,0.000000,0.706362,-0.622467,0.337028,0.000000,0.000000,0.000000,0.000000,1.000000>,<9.390000>,<MA_matrix_G1>,<1>,<85266>
<64.940433,143.663317,671.185264>,<-0.968431,0.107365,0.224976,0.000000,0.241369,0.178275,0.953918,0.000000,0.062310,0.978106,-0.198562,0.000000,0.000000,0.000000,0.000000,1.000000>,<9.390000>,<MA_matrix_G1>,<1>,<76941>
<444.974041,-471.401297,-253.167476>,<-0.159222,0.618345,0.769609,0.000000,-0.623309,-0.667498,0.407349,0.000000,0.765594,-0.414845,0.491700,0.000000,0.000000,0.000000,0.000000,1.000000>,<9.390000>,<MA_matrix_G1>,<1>,<84780>
